Molecule 				           Vibrational ZPE | Polarizability | Dipole Moment | Adiabatic IE | Cohesive Energy | Molecular Mass | Number of e- | Molecular Volume
                                   (cm^-1)			 (Angstrom^3)	  (debeye) 		  (eV) 			 (KJ/mol)                 
F2                                 4.968e+02         1.135e+00        0.000e+00       1.563e+01      -1.463e+02        3.800e+01        1.800e+01      2.798e+01
CH3CH3                             1.575e+04         4.366e+00        0.000e+00       1.133e+01      -2.929e+03        3.007e+01        1.800e+01      6.476e+01
CF3NC                              4.585e+03         4.922e+00        9.090e-01                      -2.530e+03        9.502e+01        4.600e+01      8.095e+01
BH3                                5.538e+03         2.665e+00        0.000e+00       1.189e+01      -1.169e+03        1.383e+01        8.000e+00      4.243e+01
CF3OF                              4.148e+03         3.804e+00        3.668e-01       1.233e+01      -1.977e+03        1.040e+02        5.000e+01      7.102e+01
HCl                                1.423e+03         2.443e+00        1.122e+00       1.268e+01      -4.357e+02        3.646e+01        1.800e+01      4.106e+01
PF3                                1.702e+03         3.924e+00        1.396e+00       1.158e+01      -1.424e+03        8.797e+01        4.200e+01      6.397e+01
OF2                                1.144e+03         2.044e+00        3.288e-01       1.300e+01      -3.794e+02        5.400e+01        2.600e+01      4.045e+01
SiHF3                              3.678e+03         3.658e+00        1.555e+00       1.303e+01      -7.617e+05        8.609e+01        4.200e+01      6.691e+01
F2COO                              3.578e+03         3.411e+00        4.973e-01       1.172e+01      -1.778e+03        8.200e+01        4.000e+01      6.155e+01
SiF4                               2.539e+03         3.423e+00        0.000e+00                      -7.619e+05        1.041e+02        5.000e+01      6.956e+01
NOF3                               3.220e+03         3.741e+00        1.528e-01       1.324e+01      -1.144e+03        8.700e+01        4.200e+01      6.122e+01
GeH4                               6.220e+03         5.339e+00        0.000e+00       1.029e+01      -5.454e+06        7.666e+01        3.600e+01      6.621e+01
CF2N2                              3.875e+03         3.825e+00        3.405e-02                      -1.884e+03        7.802e+01        3.800e+01      6.543e+01
COF2                               2.921e+03         2.735e+00        9.988e-01       1.283e+01      -1.697e+03        6.601e+01        3.200e+01      5.201e+01
NH3                                7.235e+03         2.122e+00        1.515e+00       1.011e+01      -1.236e+03        1.703e+01        1.000e+01      3.453e+01
Cl2                                2.578e+02         4.386e+00        0.000e+00       1.135e+01      -2.198e+02        7.090e+01        3.400e+01      6.339e+01
ClF                                3.794e+02         2.583e+00        9.557e-01       1.261e+01      -2.442e+02        5.445e+01        2.600e+01      4.542e+01
SiH4                               6.579e+03         4.789e+00        0.000e+00       1.088e+01      -7.610e+05        3.212e+01        1.800e+01      6.300e+01
PH3                                5.042e+03         4.556e+00        5.683e-01       9.751e+00      -1.006e+03        3.400e+01        1.800e+01      5.697e+01
O3                                 1.561e+03         2.688e+00        6.552e-01       1.258e+01      -5.758e+02        4.800e+01        2.400e+01      4.372e+01
NF3                                2.133e+03         2.753e+00        2.601e-01       1.246e+01      -8.507e+02        7.100e+01        3.400e+01      5.060e+01
PF5                                3.415e+03         3.974e+00        2.351e-02                      -2.133e+03        1.260e+02        6.000e+01      7.620e+01
SiH3F                              5.752e+03         4.302e+00        1.508e+00       1.172e+01      -7.612e+05        5.011e+01        2.600e+01      6.367e+01
C2H2                               1.081e+04         4.189e+00        0.000e+00       1.025e+01      -2.314e+03        2.805e+01        1.600e+01      5.847e+01
CF3N3                              5.742e+03         5.931e+00        8.656e-01       1.114e+01      -2.712e+03        1.110e+02        5.400e+01      8.959e+01
CF3NF2                             4.957e+03         4.554e+00        5.597e-01       1.125e+01      -2.258e+03        1.210e+02        5.800e+01      8.167e+01
CF3PF2                             4.173e+03         6.203e+00        1.416e+00       1.060e+01      -2.573e+03        1.380e+02        6.600e+01      9.709e+01
PClF4                              2.068e+03         1.242e+01        9.470e-01       6.209e+04      -1.357e+03        1.918e+02        9.200e+01      1.481e+02
CH2_C_O                            6.678e+03         4.289e+00        1.541e+00       9.530e+00      -2.185e+03        4.203e+01        2.200e+01      5.972e+01
SiHCl2F                            3.188e+03         7.700e+00        1.189e+00                      -1.636e+03        1.190e+02        5.800e+01      1.051e+02
HCCCl                              4.006e+03         5.518e+00        3.730e-01       1.025e+01      -1.519e+03        6.048e+01        3.000e+01      7.310e+01
CF3CH_CH2                          1.209e+04         6.171e+00        2.577e+00                      -3.677e+03        9.605e+01        4.800e+01      9.349e+01
C3OF6                              8.272e+03         6.605e+00        3.868e-01       1.155e+01      -4.163e+03        1.660e+02        8.000e+01      1.110e+02
C2F5OF                             6.669e+03         5.897e+00        3.859e-01                      -3.241e+03        1.540e+02        7.400e+01      1.026e+02
SF4                                2.336e+03         4.391e+00        8.659e-01       1.195e+01      -1.289e+03        1.081e+02        5.200e+01      7.028e+01
NF2CN                              3.513e+03         4.613e+00        1.051e+00       1.151e+01      -1.634e+03        7.802e+01        3.800e+01      7.010e+01
COClF                              2.552e+03         4.617e+00        1.337e+00       1.192e+01      -1.545e+03        8.246e+01        4.000e+01      7.014e+01
C2F5CN                             7.284e+03         6.774e+00        1.296e+00       1.214e+01      -3.856e+03        1.450e+02        7.000e+01      1.112e+02
CF3NCO                             5.842e+03         5.579e+00        5.783e-01       1.190e+01      -3.111e+03        1.110e+02        5.400e+01      8.778e+01
N2F4                               3.658e+03         4.390e+00        2.916e-01       1.212e+01      -1.302e+03        1.040e+02        5.000e+01      7.263e+01
CF3CF_CH2                          1.038e+04         6.253e+00        2.351e+00       1.063e+01      -3.692e+03        1.140e+02        5.600e+01      9.754e+01
FNO3                               3.527e+03         4.364e+00        1.088e-01       1.278e+01      -1.300e+03        8.100e+01        4.000e+01      6.474e+01
NSF3                               2.725e+03         4.942e+00        1.368e+00       1.177e+01      -1.235e+03        1.031e+02        5.000e+01      7.304e+01
SOF6                               4.779e+03         5.779e+00        2.184e-01                      -1.855e+03        1.620e+02        7.800e+01      9.516e+01
_NF2_2CF2                          6.379e+03         6.270e+00        3.131e-01                      -2.597e+03        1.540e+02        7.400e+01      1.038e+02
CF3OC_O_F                          6.532e+03         5.416e+00        1.058e+00       1.208e+01      -3.413e+03        1.320e+02        6.400e+01      9.410e+01
CF3COF                             5.456e+03         4.776e+00        6.227e-01       1.218e+01      -2.962e+03        1.160e+02        5.600e+01      8.421e+01
CF2CF2CF2                          7.063e+03         6.068e+00        2.958e-03                      -3.581e+03        1.500e+02        7.200e+01      1.020e+02
FCCH                               4.230e+03         3.537e+00        6.871e-01       1.094e+01      -1.607e+03        4.403e+01        2.200e+01      5.449e+01
SiH2F2                             4.799e+03         3.932e+00        1.741e+00       1.213e+01      -1.772e+03        6.810e+01        3.400e+01      6.496e+01
CHClF2                             4.876e+03         4.604e+00        1.490e+00       1.189e+01      -1.687e+03        8.646e+01        4.200e+01      7.248e+01
C2F5NO                             6.866e+03         6.337e+00        1.343e-01       9.772e+00      -3.447e+03        1.490e+02        7.200e+01      1.064e+02
CHF2NF2                            6.724e+03         4.502e+00        1.548e+00       1.097e+01      -2.215e+03        1.030e+02        5.000e+01      7.706e+01
PHF2                               2.967e+03         4.073e+00        1.639e+00       1.048e+01      -1.237e+03        6.998e+01        3.400e+01      6.115e+01
CF3SiF3                            4.842e+03         5.713e+00        4.643e-01       1.187e+01      -3.331e+03        1.541e+02        7.400e+01      1.032e+02
C3F6O                              8.272e+03         6.605e+00        3.868e-01       1.155e+01      -4.163e+03        1.660e+02        8.000e+01      1.110e+02
SiHClF2                            3.444e+03         5.638e+00        1.402e+00       1.211e+01      -1.820e+03        1.025e+02        5.000e+01      8.604e+01
CH3SiH3                            1.288e+04         6.564e+00        7.564e-01       1.036e+01      -2.572e+03        4.614e+01        2.600e+01      8.518e+01
NF2CF2CN                           6.156e+03         6.516e+00        1.054e+00                      -2.936e+03        1.280e+02        6.200e+01      1.019e+02
CF3CH3                             1.099e+04         4.500e+00        2.446e+00       1.225e+01      -3.095e+03        8.404e+01        4.200e+01      7.715e+01
SOF2                               1.894e+03         4.028e+00        1.776e+00                      -1.190e+03        8.606e+01        4.200e+01      6.319e+01
_CF3_2NF                           7.750e+03         6.366e+00        3.913e-01       1.108e+01      -3.702e+03        1.710e+02        8.200e+01      1.118e+02
NO2F                               2.881e+03         3.311e+00        5.891e-01       1.307e+01      -1.180e+03        6.500e+01        3.200e+01      5.310e+01
C3H8                               2.178e+04         6.224e+00        9.699e-02       1.063e+01      -4.134e+03        4.409e+01        2.600e+01      8.794e+01
CSF2                               2.349e+03         5.200e+00        1.582e-01       1.029e+01      -1.439e+03        8.207e+01        4.000e+01      7.290e+01
CF3SiH3                            8.129e+03         6.666e+00        2.418e+00       1.078e+01      -2.681e+03        1.001e+02        5.000e+01      9.775e+01
CH3BF2                             9.670e+03         4.217e+00        1.793e+00       1.179e+01      -2.918e+03        6.384e+01        3.200e+01      7.077e+01
CF3C_CF                            5.466e+03         5.789e+00        1.938e+00       1.144e+01      -2.945e+03        1.120e+02        5.400e+01      9.047e+01
ONF                                1.572e+03         2.476e+00        1.755e+00       1.274e+01      -8.888e+02        4.900e+01        2.400e+01      4.347e+01
CF3CN                              4.712e+03         4.754e+00        1.262e+00       1.350e+01      -2.589e+03        9.502e+01        4.600e+01      7.960e+01
ClO3F                              3.129e+03         4.840e+00        3.378e-01       1.277e+01      -8.110e+02        1.024e+02        5.000e+01      7.114e+01
C3F8                               8.607e+03         6.823e+00        1.428e-01       1.216e+01      -4.434e+03        1.880e+02        9.000e+01      1.219e+02
FN3                                2.718e+03         4.037e+00        1.061e+00       1.064e+01      -1.195e+03        6.102e+01        3.000e+01      5.891e+01
C3H6_cyclopropane                  1.719e+04         5.523e+00        2.879e-04       9.609e+00      -3.497e+03        4.208e+01        2.400e+01      7.631e+01
C2F5NF2                            7.493e+03         6.552e+00        4.689e-01       1.115e+01      -3.516e+03        1.710e+02        8.200e+01      1.129e+02
BH3CO                              7.719e+03         5.131e+00        1.319e+00       1.054e+01      -2.332e+03        4.184e+01        2.200e+01      6.965e+01
C2F4O                              5.465e+03         4.690e+00        5.323e-01       1.131e+01      -2.828e+03        1.160e+02        5.600e+01      8.140e+01
POF3                               2.871e+03         3.941e+00        1.540e+00       1.249e+01      -1.904e+03        1.040e+02        5.000e+01      7.005e+01
PClF2                              1.441e+03         6.054e+00        1.206e+00       1.078e+01      -1.247e+03        1.044e+02        5.000e+01      8.299e+01
CH3PF2                             8.918e+03         6.020e+00        2.423e+00       9.657e+00      -2.487e+03        8.400e+01        4.200e+01      8.378e+01
BrSiF3                             2.124e+03         6.350e+00        1.040e+00       1.170e+01      -1.973e+03        1.650e+02        7.600e+01      9.654e+01
CF3OCHF2                           8.817e+03         5.416e+00        1.327e+00       1.253e+01      -3.558e+03        1.360e+02        6.600e+01      9.661e+01
CH3CH_CF2                          1.369e+04         6.104e+00        1.863e+00       9.279e+00      -3.601e+03        7.806e+01        4.000e+01      8.833e+01
B2F4                               3.991e+03         4.220e+00        0.000e+00                      -2.804e+03        9.761e+01        4.600e+01      7.787e+01
CF3NO2                             5.594e+03         5.167e+00        1.473e+00       1.113e+01      -2.558e+03        1.150e+02        5.600e+01      8.473e+01
AsF5                               2.696e+03         4.795e+00        2.237e-02                      -5.872e+06        1.699e+02        7.800e+01      8.243e+01
CF3COCCF3                          1.908e+04         9.207e+00        3.566e+00                      -5.985e+03        1.821e+02        9.000e+01      1.472e+02
FCN                                2.146e+03         2.699e+00        2.212e+00       1.439e+01      -1.236e+03        4.502e+01        2.200e+01      4.659e+01
CH3B2H5                            1.928e+04         7.021e+00        6.254e-01       1.147e+01      -3.746e+03        4.169e+01        2.400e+01      9.554e+01
CHF_CHF_cis                        7.816e+03         4.240e+00        2.388e+00       9.913e+00      -2.355e+03        6.403e+01        3.200e+01      6.558e+01
C2F4N2H2                           5.047e+03         5.243e+00        9.654e-01       9.921e+00      -2.169e+03        1.160e+02        5.600e+01      8.350e+01
SiClF3                             2.239e+03         5.324e+00        8.142e-01       1.257e+01      -2.035e+03        1.205e+02        5.800e+01      8.806e+01
CBrF3                              2.957e+03         5.660e+00        5.388e-01       1.143e+01      -1.678e+03        1.489e+02        6.800e+01      8.509e+01
CF3OOF                             4.803e+03         4.775e+00        7.441e-01                      -2.178e+03        1.200e+02        5.800e+01      8.272e+01
CHF_CHF                            7.754e+03         4.198e+00        0.000e+00                      -2.352e+03        6.403e+01        3.200e+01      6.553e+01
NClF2                              1.811e+03         4.657e+00        7.334e-01       1.118e+01      -7.517e+02        8.745e+01        4.200e+01      6.847e+01
CCl2F2                             2.697e+03         6.558e+00        5.401e-01       1.144e+01      -1.561e+03        1.209e+02        5.800e+01      9.456e+01
CF2_OF_2                           4.701e+03         4.762e+00        1.022e-01                      -2.029e+03        1.200e+02        5.800e+01      8.279e+01
C3H4                               1.179e+04         5.246e+00        4.739e-01       9.356e+00      -2.782e+03        4.006e+01        2.200e+01      7.015e+01
SiH3Cl                             5.523e+03         6.352e+00        1.491e+00       1.107e+01      -1.372e+03        6.656e+01        3.400e+01      8.326e+01
Ga2H6                              8.979e+03         1.003e+01        0.000e+00       9.324e+00      -1.696e+03        1.455e+02        6.800e+01      1.119e+02
CF2_OF_2_bis                       4.701e+03         4.762e+00        1.022e-01                      -2.029e+03        1.200e+02        5.800e+01      8.279e+01
CF3SiH2F                           7.142e+03         6.261e+00        2.223e+00       1.095e+01      -2.887e+03        1.181e+02        5.800e+01      9.902e+01
C3H6_propene                       1.684e+04         6.150e+00        4.303e-01       9.396e+00      -3.532e+03        4.208e+01        2.400e+01      8.152e+01
CH2CHF                             9.305e+03         4.199e+00        1.470e+00       1.008e+01      -2.349e+03        4.604e+01        2.400e+01
CF3CClF2                           5.674e+03         6.683e+00        5.870e-01                      -3.005e+03        1.545e+02        7.400e+01      1.082e+02
F2NCOF                             4.354e+03         4.527e+00        6.943e-01       1.127e+01      -2.044e+03        9.901e+01        4.800e+01      7.469e+01
CH3CH2F                            1.427e+04         4.405e+00        2.050e+00       1.145e+01      -2.959e+03        4.806e+01        2.600e+01      6.866e+01
CF4N2                              5.047e+03         5.243e+00        9.654e-01       9.921e+00      -2.169e+03        1.160e+02        5.600e+01      8.350e+01
HCOF                               4.370e+03         2.686e+00        2.131e+00       1.222e+01      -1.644e+03        4.802e+01        2.400e+01      4.735e+01
H2Se                               2.848e+03         4.506e+00        6.810e-01       9.770e+00      -6.749e+02        8.099e+01        3.600e+01      5.689e+01
PSF3                               2.434e+03         6.545e+00        1.531e-01       1.052e+01      -1.693e+03        1.200e+02        5.800e+01      9.119e+01
CF3OCl                             3.941e+03         5.452e+00        8.923e-01       1.128e+01      -1.996e+03        1.205e+02        5.800e+01      8.782e+01
SOF4                               3.572e+03         4.654e+00        9.225e-01       1.221e+01      -1.591e+03        1.241e+02        6.000e+01      7.734e+01
CHF_CHF_trans                      7.754e+03         4.198e+00        0.000e+00       9.871e+00      -2.352e+03        6.403e+01        3.200e+01      6.553e+01
HI                                 2.111e+03         8.162e-01        0.000e+00       1.528e+01      -1.756e+03        1.008e+00        1.000e+00      1.712e+01
AsH3                               4.595e+03         5.315e+00        2.283e-01       9.693e+00      -5.871e+06        7.795e+01        3.600e+01      6.245e+01
CH3SiF3                            9.637e+03         5.374e+00        2.684e+00       1.177e+01      -3.267e+03        1.001e+02        5.000e+01      8.910e+01
CF3COCl                            5.116e+03         6.772e+00        8.711e-01       1.137e+01      -2.809e+03        1.325e+02        6.400e+01      1.021e+02
CF3ONF2                            5.726e+03         5.452e+00        4.505e-01       1.138e+01      -2.587e+03        1.370e+02        6.600e+01      9.319e+01
C2OF3CF3                           8.053e+03         6.690e+00        4.150e-01       1.136e+01      -4.114e+03        1.660e+02        8.000e+01      1.130e+02
CClF_CF2                           4.203e+03         6.264e+00        5.247e-01       9.506e+00      -2.256e+03        1.165e+02        5.600e+01      9.168e+01
CF3COCF3                           7.936e+03         6.798e+00        7.523e-01       1.105e+01      -4.185e+03        1.660e+02        8.000e+01
CF3OCF_CF2                         8.074e+03         7.127e+00        4.039e-01       2.145e+04      -4.109e+03        1.660e+02        8.000e+01      1.162e+02
CF3OCH3                            1.205e+04         5.170e+00        2.622e+00       1.131e+01      -3.469e+03        1.000e+02        5.000e+01      8.748e+01
F2O2                               1.882e+03         3.470e+00        1.390e+00       1.287e+01      -6.297e+02        6.999e+01        3.400e+01      5.237e+01
SO2F2                              3.112e+03         4.318e+00        7.505e-01                      -1.539e+03        1.021e+02        5.000e+01      7.034e+01
CH2_C_CH2                          1.163e+04         6.179e+00        0.000e+00       9.389e+00      -2.888e+03        4.006e+01        2.200e+01      7.466e+01
CF3OOCF3                           7.715e+03         6.600e+00        0.000e+00       1.107e+01      -3.763e+03        1.700e+02        8.200e+01      1.132e+02
CF3CH2F                            9.467e+03         4.599e+00        2.117e+00       1.192e+01      -3.090e+03        1.020e+02        5.000e+01      8.149e+01
BF2CF2BF2                          9.910e+03         5.923e+00        1.902e+00       1.181e+01      -4.109e+03        1.116e+02        5.400e+01      9.963e+01
CF2_CFCF3                          7.113e+03         6.442e+00        9.584e-01       1.028e+01      -3.700e+03        1.500e+02        7.200e+01      1.055e+02
CF3C_CCF3                          7.893e+03         8.098e+00        4.868e-03                      -4.306e+03        1.620e+02        7.800e+01      1.236e+02
CF3SH                              4.877e+03         5.634e+00        1.599e+00       1.056e+01      -2.066e+03        1.021e+02        5.000e+01      8.453e+01
N2F2_trans                         2.443e+03         3.312e+00        0.000e+00                      -1.042e+03        6.601e+01        3.200e+01      5.478e+01
_CH3_2BF                           1.669e+04         6.175e+00        1.375e+00       1.029e+01      -3.932e+03        5.988e+01        3.200e+01      9.108e+01
CF2_C_CF2                          5.287e+03         7.180e+00        2.726e-04       8.428e+00      -2.821e+03        1.120e+02        5.400e+01      9.144e+01
CF3NNCF3_cis                       7.932e+03         7.119e+00        1.677e-03       2.135e+04      -3.887e+03        1.660e+02        8.000e+01
CF2_CF2                            4.514e+03         4.358e+00        0.000e+00                      -2.386e+03        1.000e+02        4.800e+01      7.383e+01
N2F2_cis                           2.486e+03         3.255e+00        1.807e-01                      -1.050e+03        6.601e+01        3.200e+01      5.446e+01
CF3PF4                             5.812e+03         6.296e+00        1.515e-01                      -3.307e+03        1.760e+02        8.400e+01      1.088e+02
F5SeOF                             2.269e+03         8.196e+00        3.352e+00       1.035e+01      -1.092e+03        2.090e+02        9.600e+01
SF5CN                              5.443e+03         6.680e+00        1.245e+00                      -2.472e+03        1.531e+02        7.400e+01      1.041e+02
CHF2CH3                            1.269e+04         4.466e+00        2.391e+00       1.155e+01      -3.022e+03        6.605e+01        3.400e+01      7.289e+01
CF3NNCF3_trans                     7.932e+03         7.119e+00        1.678e-03       2.135e+04      -3.887e+03        1.660e+02        8.000e+01
GeF4                               1.992e+03         4.147e+00        9.806e-04                      -5.454e+06        1.486e+02        6.800e+01      7.468e+01
CClF_CH2                           7.414e+03         6.171e+00        1.406e+00       9.707e+00      -2.244e+03        8.048e+01        4.000e+01      8.399e+01
_CH3_3B                            2.375e+04         8.229e+00        7.823e-02       9.671e+00      -4.940e+03        5.591e+01        3.200e+01      1.116e+02
CF2CH2CH2                          1.382e+04         5.650e+00        2.423e+00       9.669e+00      -3.563e+03        7.806e+01        4.000e+01      8.450e+01
F4S_NCF3                           6.979e+03         7.701e+00        1.301e+00       3.237e+04      -3.127e+03        1.911e+02        9.200e+01      1.192e+02
CHF2CF2CHF2                        1.220e+04         6.564e+00        1.656e+00       1.153e+01      -4.334e+03        1.520e+02        7.400e+01      1.126e+02
COBrF                                                                                 1.144e+01      -1.491e+03        1.269e+02        5.800e+01      7.829e+01
COSe                               1.759e+03         6.057e+00        8.447e-01       1.040e+01      -1.274e+03        1.070e+02        4.800e+01      7.314e+01
CF3OSF5                            7.689e+03         7.475e+00        1.408e-02                      -3.480e+03        2.121e+02        1.020e+02      1.251e+02
CF2_CHCl                           5.885e+03         6.155e+00        1.087e+00       9.515e+00      -2.264e+03        9.847e+01        4.800e+01      8.787e+01
SSF2                               1.450e+03         6.761e+00        1.431e+00       1.044e+01      -9.816e+02        1.021e+02        5.000e+01      8.431e+01
ONCl                               1.386e+03         4.892e+00        1.945e+00       1.108e+01      -7.918e+02        6.546e+01        3.200e+01      6.355e+01
ClO2F3                             3.447e+03         5.573e+00        1.219e-01                      -7.670e+02        1.244e+02        6.000e+01      7.876e+01
Si2H6                              1.035e+04         9.430e+00        0.000e+00       9.488e+00      -2.187e+03        6.222e+01        3.400e+01      1.076e+02
C4H10                              2.793e+04         8.091e+00        0.000e+00       1.003e+01      -5.338e+03        5.812e+01        3.400e+01      1.111e+02
C2F5OCF3                           9.563e+03         7.530e+00        1.224e-01                      -4.869e+03        2.040e+02        9.800e+01      1.328e+02
CF3C3H2F3                          1.307e+04         7.801e+00        2.448e+00                      -4.899e+03        1.640e+02        8.000e+01      1.241e+02
NCCN                               3.461e+03         4.974e+00        0.000e+00       1.439e+01      -2.043e+03        5.203e+01        2.600e+01      6.746e+01
NSF                                1.151e+03         4.095e+00        1.989e+00       1.148e+01      -8.034e+02        6.507e+01        3.200e+01      5.958e+01
CBrF_CF2                           4.062e+03         7.254e+00        6.671e-01       9.384e+00      -2.202e+03        1.609e+02        7.400e+01      9.975e+01
CH3AsH2                            1.098e+04         7.278e+00        8.628e-01       8.926e+00      -5.872e+06        9.197e+01        4.400e+01      8.443e+01
CH3CH2SiF3                         1.576e+04         7.183e+00        2.810e+00       1.083e+01      -4.461e+03        1.141e+02        5.800e+01      1.120e+02
CH2_CHCH2CH3                       2.291e+04         8.081e+00        4.298e-01       9.228e+00      -4.735e+03        5.610e+01        3.200e+01      1.046e+02
C2F5OCl                            6.476e+03         7.662e+00        9.548e-01       1.129e+01      -3.263e+03        1.705e+02        8.200e+01      1.194e+02
CF3CH_CHF                          1.044e+04         6.247e+00        1.231e+00                      -3.702e+03        1.140e+02        5.600e+01      9.713e+01
SeClF5                             3.154e+03         7.656e+00        1.415e+00                      -1.580e+03        2.094e+02        9.600e+01      1.078e+02
CCl2FCF3                           5.302e+03         8.546e+00        7.283e-01       1.139e+01      -2.840e+03        1.709e+02        8.200e+01      1.252e+02
CF3CF2CFH2                         1.209e+04         6.559e+00        2.073e+00       1.175e+01      -4.351e+03        1.520e+02        7.400e+01      1.128e+02
SClF5                              3.840e+03         6.729e+00        7.605e-01       3.693e+04      -1.634e+03        1.625e+02        7.800e+01      1.013e+02
CF2_CFCHF2                         8.904e+03         6.404e+00        1.192e+00       1.003e+01      -3.649e+03        1.320e+02        6.400e+01      1.009e+02
CClF2CClF2                         5.281e+03         8.498e+00        8.707e-01                      -2.831e+03        1.709e+02        8.200e+01      1.254e+02
C2HBr                              3.905e+03         6.485e+00        2.008e-01                      -1.468e+03        1.049e+02        4.800e+01      8.099e+01
CH2_CHSiH3                         1.415e+04         8.333e+00        6.777e-01       9.609e+00      -3.162e+03        5.815e+01        3.200e+01      1.017e+02
P2F4                               2.507e+03         8.274e+00        1.922e+00       9.222e+00      -1.985e+03        1.379e+02        6.600e+01      1.041e+02
CF3CHO                             6.888e+03         4.699e+00        1.871e+00       1.099e+01      -2.877e+03        9.802e+01        4.800e+01      7.999e+01
ClO2F                              1.318e+03         4.881e+00        3.708e-01       8.663e+00      -2.772e+02        8.645e+01        4.200e+01
CF3S_O_F                           4.410e+03         6.333e+00        1.730e+00       1.049e+01      -2.407e+03        1.361e+02        6.600e+01      9.561e+01
CH2N2                              6.720e+03         4.722e+00        1.680e+00       8.982e+00      -1.873e+03        4.204e+01        2.200e+01      6.083e+01
CHF2CF2CH3                         1.536e+04         6.382e+00        3.056e+00       1.090e+01      -4.297e+03        1.161e+02        5.800e+01      1.042e+02
_CH3_3N                            2.535e+04         7.876e+00        5.161e-01       7.566e+00      -4.769e+03        5.911e+01        3.400e+01      1.046e+02
CF2NH                              5.462e+03         3.498e+00        1.432e+00       1.133e+01      -1.933e+03        6.502e+01        3.200e+01      5.867e+01
ONN_CF3_2                          8.723e+03         7.864e+00        5.595e-01                      -4.210e+03        1.820e+02        8.800e+01      1.254e+02
_CF3_2NH                           9.661e+03         6.064e+00        1.779e+00                      -3.910e+03        1.530e+02        7.400e+01      1.065e+02
C2BrF5                             5.547e+03         7.719e+00        6.713e-01       1.139e+01      -2.948e+03        1.989e+02        9.200e+01      1.162e+02
CF3CF2CH3                          1.362e+04         6.464e+00        2.437e+00       1.136e+01      -4.360e+03        1.340e+02        6.600e+01      1.086e+02
CF3SOF_sulfonyl                    5.572e+03         6.629e+00        1.411e+00       1.219e+01      -2.791e+03        1.521e+02        7.400e+01      1.031e+02
NOBr                               1.332e+03         6.116e+00        1.950e+00       1.023e+01      -7.630e+02        1.099e+02        5.000e+01      7.240e+01
PBrF2                              1.360e+03         7.249e+00        1.173e+00       1.053e+01      -1.193e+03        1.489e+02        6.800e+01      9.141e+01
CF3CH2CF3                          1.207e+04         6.532e+00        2.018e+00       1.258e+01      -4.426e+03        1.520e+02        7.400e+01      1.127e+02
CH3CH2SiH3                         1.897e+04         8.429e+00        8.522e-01       9.627e+00      -3.766e+03        6.017e+01        3.400e+01      1.082e+02
CF3OCF2OCF3                        1.054e+04         8.161e+00        3.589e-02                      -5.292e+03        2.200e+02        1.060e+02      1.429e+02
CH3CHCH2CH2                        2.311e+04         7.428e+00        1.464e-01       9.000e+00      -4.708e+03        5.610e+01        3.200e+01      9.943e+01
CF3OCF2CF2H                        1.136e+04         7.403e+00        1.606e+00       2.418e+04      -4.818e+03        1.860e+02        9.000e+01      1.281e+02
CF3OOCl                            4.578e+03         6.599e+00        6.799e-01       1.075e+01      -2.172e+03        1.365e+02        6.600e+01      9.993e+01
CF2_CHCF3                          8.783e+03         6.337e+00        1.866e+00       1.671e+04      -3.728e+03        1.320e+02        6.400e+01      1.016e+02
_SiH3_2O                           1.158e+04         8.766e+00        4.154e-01       1.026e+01      -2.805e+03        7.822e+01        4.200e+01      1.128e+02
H2CO                               5.627e+03         2.656e+00        2.408e+00       1.075e+01      -1.534e+03        3.002e+01        1.600e+01      4.332e+01
CH2_CHCH2F                         1.539e+04         6.124e+00        1.838e+00       9.752e+00      -3.552e+03        6.007e+01        3.200e+01      8.498e+01
CF3CHFCF3                          1.043e+04         6.679e+00        1.452e+00       1.222e+01      -4.411e+03        1.700e+02        8.200e+01      1.173e+02
CH3OOCH3                           1.757e+04         6.233e+00        0.000e+00                      -3.463e+03        6.207e+01        3.400e+01      8.685e+01
CH3CF2CH3                          1.845e+04         6.237e+00        2.528e+00       1.105e+01      -4.250e+03        8.007e+01        4.200e+01      9.610e+01
_CF3-N_CF2CF2O                     9.946e+03         8.127e+00        5.123e-01                      -4.753e+03        1.990e+02        9.600e+01      1.325e+02
CH3OSiH3                           1.408e+04         6.956e+00        1.091e+00       9.873e+00      -3.026e+03        6.214e+01        3.400e+01      9.429e+01
CClF2CHF2                          7.472e+03         6.606e+00        1.683e+00       1.141e+01      -2.953e+03        1.365e+02        6.600e+01      1.038e+02
CF2HCF2CF3                         1.041e+04         6.694e+00        1.500e+00       1.172e+01      -4.384e+03        1.700e+02        8.200e+01      1.173e+02
NF2SF5                             4.121e+03         7.716e+00        6.559e-01       9.407e+00      -1.776e+03        1.791e+02        8.600e+01
CF3SCl                             3.386e+03         7.618e+00        8.052e-01       9.931e+00      -1.929e+03        1.365e+02        6.600e+01      1.062e+02
CF3I                               5.259e+03         2.764e+00        1.673e+00       1.355e+01      -3.166e+03        6.900e+01        3.300e+01      5.406e+01
NHF2                               4.115e+03         2.426e+00        1.962e+00                      -9.461e+02        5.301e+01        2.600e+01      4.491e+01
CF3OONO2                           7.152e+03         7.158e+00        1.912e-01       1.019e+01      -3.092e+03        1.470e+02        7.200e+01      1.068e+02
SiH3Br                             5.434e+03         7.471e+00        1.509e+00       1.056e+01      -1.316e+03        1.110e+02        5.200e+01      9.156e+01
_CH3_2CHCH3                        2.776e+04         8.084e+00        1.465e-01                      -5.341e+03        5.812e+01        3.400e+01      1.109e+02
CF3SF3                             4.866e+03         6.644e+00        7.206e-01                      -2.544e+03        1.581e+02        7.600e+01      1.018e+02
CFH_CFCF3                          8.738e+03         6.314e+00        2.107e+00       1.030e+01      -3.677e+03        1.320e+02        6.400e+01      1.014e+02
__CH3_BH2_2                        2.031e+04         8.662e+00        5.792e-01       8.875e+00      -4.378e+03        5.370e+01        3.000e+01      1.126e+02
ClF5                               2.762e+03         5.633e+00        6.240e-01       1.289e+01      -7.147e+02        1.304e+02        6.200e+01      7.860e+01
CH2ClF                             6.524e+03         4.486e+00        1.876e+00       1.145e+01      -1.638e+03        6.847e+01        3.400e+01      6.824e+01
CF3CHFCH3                          1.535e+04         6.372e+00        2.554e+00       1.130e+01      -4.314e+03        1.161e+02        5.800e+01      1.042e+02
CF3SO2OF                           6.141e+03         7.768e+00        1.321e+00                      -2.848e+03        1.681e+02        8.200e+01      1.147e+02
CBrFO                                                                                 1.144e+01      -1.491e+03        1.269e+02        5.800e+01      7.829e+01
CH3GeH3                            1.247e+04         7.201e+00        6.807e-01       9.960e+00      -5.455e+06        9.069e+01        4.400e+01      8.851e+01
C4H6                               1.823e+04         7.172e+00        1.660e-01       9.085e+00      -4.092e+03        5.409e+01        3.000e+01      9.073e+01
CF2_CFCF_CF2                       1.165e+04         8.584e+00        0.000e+00                      -4.283e+03        1.260e+02        6.200e+01      1.124e+02
CH2_CHCl                           9.032e+03         6.141e+00        1.478e+00       1.464e+04      -2.219e+03        6.249e+01        3.200e+01      8.060e+01
CF3OC_O_Cl                         6.136e+03         7.451e+00        1.189e+00       1.133e+01      -3.258e+03        1.485e+02        7.200e+01      1.122e+02
CH3CHFCH3                          2.028e+04         6.242e+00        2.085e+00       1.073e+01      -4.181e+03        6.208e+01        3.400e+01      9.195e+01
C4F6                               8.430e+03         7.502e+00        1.505e+00       2.044e+04      -4.287e+03        1.620e+02        7.800e+01      1.149e+02
_CH3_2B_mu-H_2BH2                  1.615e+04         9.724e+00        3.040e+00                      -3.517e+03        5.169e+01        2.800e+01      1.100e+02
CF2_CFNO                           5.544e+03         6.637e+00        2.597e+00       9.131e+00      -2.745e+03        1.110e+02        5.400e+01      8.953e+01
F2C_NF                             3.612e+03         3.743e+00        1.500e+00       1.208e+01      -1.749e+03        8.301e+01        4.000e+01      6.398e+01
CClF2CH3                           1.064e+04         6.430e+00        2.290e+00       2.008e+04      -2.920e+03        1.005e+02        5.000e+01      9.538e+01
CF3NNCH3                           1.280e+04         7.001e+00        2.895e+00       9.189e+00      -3.775e+03        1.121e+02        5.600e+01      1.041e+02
CF5N3                              6.418e+03         7.439e+00        2.716e-01       1.086e+01      -2.464e+03        1.490e+02        7.200e+01      1.088e+02
_CF3_2NCl                          7.455e+03         8.046e+00        7.274e-01       1.033e+01      -3.645e+03        1.875e+02        9.000e+01      1.279e+02
ClN3                               2.599e+03         6.058e+00        3.739e-01       1.011e+01      -1.156e+03        7.747e+01        3.800e+01      7.662e+01
CHF_CFCF3                          8.778e+03         6.328e+00        1.475e+00       1.031e+01      -3.683e+03        1.320e+02        6.400e+01      1.014e+02
_CF3_2PH                           7.997e+03         8.566e+00        1.731e+00                      -3.653e+03        1.700e+02        8.200e+01      1.265e+02
C3F7NO                             6.866e+03         6.337e+00        1.347e-01       9.772e+00      -3.447e+03        1.490e+02        7.200e+01      1.064e+02
CH3NF2                             9.868e+03         4.306e+00        2.746e+00       1.022e+01      -2.164e+03        6.704e+01        3.400e+01      6.829e+01
CH3CCH                             1.169e+04         5.522e+00        8.438e-01       1.000e+01      -2.876e+03        4.006e+01        2.200e+01      7.412e+01
SBrF5                              3.658e+03         7.859e+00        1.090e+00       9.445e+04      -1.590e+03        2.070e+02        9.600e+01      1.096e+02
CFOCFO                             4.872e+03         4.731e+00        0.000e+00                      -2.756e+03        9.401e+01        4.600e+01      7.725e+01
GeClF3                             1.756e+03         6.159e+00        1.408e+00                      -5.454e+06        1.651e+02        7.600e+01      9.322e+01
CH3NH2                             1.351e+04         3.921e+00        1.305e+00       8.856e+00      -2.403e+03        3.106e+01        1.800e+01      5.788e+01
CHClFCF3                           7.479e+03         6.559e+00        1.474e+00       1.154e+01      -2.971e+03        1.365e+02        6.600e+01      1.039e+02
CH2FCH2CH3                         2.041e+04         6.215e+00        1.985e+00       1.064e+01      -4.164e+03        6.208e+01        3.400e+01      9.164e+01
CH3CH_CHCH3                        2.274e+04         8.135e+00        0.000e+00                      -4.748e+03        5.610e+01        3.200e+01      1.042e+02
c-CF2OCF2OCF2-                     9.337e+03         7.185e+00        9.868e-02       1.191e+01      -4.665e+03        1.820e+02        8.800e+01      1.201e+02
CF3OOOCF3                          8.368e+03         7.573e+00        5.118e-03       1.100e+01      -3.962e+03        1.860e+02        9.000e+01      1.249e+02
Cl2O                               7.756e+02         5.619e+00        5.613e-01       1.062e+01      -3.891e+02        8.690e+01        4.200e+01      7.503e+01
CF3CH2CH3                          1.698e+04         6.273e+00        2.571e+00       1.146e+01      -4.299e+03        9.806e+01        5.000e+01      9.984e+01
CF3OOC_O_F                         7.228e+03         6.458e+00        1.026e+00       1.139e+01      -3.575e+03        1.480e+02        7.200e+01      1.061e+02
FOClO3                             3.679e+03         6.065e+00        1.956e-01                      -8.991e+02        1.184e+02        5.800e+01      8.318e+01
CH2_CHCH_CH2                       1.805e+04         8.632e+00        0.000e+00       8.612e+00      -4.152e+03        5.409e+01        3.000e+01      9.826e+01
CHF2CH2F                           1.122e+04         4.537e+00        3.315e+00       1.136e+01      -3.021e+03        8.404e+01        4.200e+01      7.694e+01
CF3SF5                             6.645e+03         7.028e+00        8.890e-01                      -3.063e+03        1.961e+02        9.400e+01      1.148e+02
CH3NO2                             1.018e+04         5.062e+00        2.629e+00       1.010e+01      -2.457e+03        6.104e+01        3.200e+01      7.251e+01
CHCl_CF2                           5.885e+03         6.155e+00        1.087e+00       9.515e+00      -2.264e+03        9.847e+01        4.800e+01
_CH3_2SiF2                         1.678e+04         7.446e+00        2.594e+00       1.052e+01      -4.287e+03        9.615e+01        5.000e+01      1.098e+02
CH3CH_CHF_cis                      1.528e+04         6.094e+00        1.550e+00       9.289e+00      -3.564e+03        6.007e+01        3.200e+01      8.460e+01
CF3SOF_sulfinyl                    4.410e+03         6.333e+00        1.730e+00       1.049e+01      -2.407e+03        1.361e+02        6.600e+01      9.561e+01
SiF3SiF3                           3.892e+03         6.887e+00        0.000e+00       1.159e+01      -3.499e+03        1.702e+02        8.200e+01      1.157e+02
CF3CF2OCF2CF3                      1.217e+04         9.531e+00        8.160e-02                      -6.133e+03        2.540e+02        1.220e+02      1.645e+02
CH3PH2                             1.145e+04         6.442e+00        1.128e+00       8.860e+00      -2.215e+03        4.802e+01        2.600e+01      7.898e+01
C4F10                                                8.822e+00        2.592e-01                      -5.687e+03                   
CHCl_CHF                           7.455e+03         6.108e+00        1.599e-01       9.514e+00      -2.233e+03                   
_CF3_3N                            1.051e+04         8.131e+00        1.084e-01       2.904e+04      -5.188e+03        2.210e+02        1.060e+02      1.407e+02
CH3CH_CHF_trans                    1.526e+04         6.094e+00        1.894e+00       9.271e+00      -3.562e+03        6.007e+01        3.200e+01      8.474e+01
CF3CCF_CF3_trans                   9.640e+03         8.558e+00        3.793e-03                      -4.996e+03        2.000e+02        9.600e+01
CHBrF2                             4.741e+03         5.640e+00        1.436e+00                      -1.630e+03        1.309e+02        6.000e+01      8.085e+01
_CF3_2Se                           5.862e+03         8.862e+00        1.148e+00       1.007e+01      -3.288e+03        2.170e+02        1.000e+02      1.265e+02
_CH3_2C_CH2                        2.275e+04         8.047e+00        5.733e-01                      -4.750e+03        5.610e+01        3.200e+01      1.041e+02
CH3H2OSiF3                         1.701e+04         7.752e+00        2.911e+00       1.076e+01      -4.942e+03        1.301e+02        6.600e+01      1.222e+02
CF3CFClCF3                         8.277e+03         8.622e+00        6.181e-01                      -4.276e+03        2.045e+02        9.800e+01      1.384e+02
CHF2CHF2                           9.613e+03         4.630e+00        2.505e+00       1.141e+01      -3.064e+03        1.020e+02        5.000e+01      8.135e+01
PCl2F3                             1.702e+03         3.924e+00        1.396e+00       1.158e+01      -1.424e+03        1.589e+02        7.600e+01      1.132e+02
HC_CSiH3                           9.161e+03         7.680e+00        3.315e-01       1.026e+01      -2.530e+03        5.614e+01        3.000e+01      9.444e+01
CH3CH_CO                           1.284e+04         6.177e+00        1.981e+00       8.749e+00      -3.386e+03        5.606e+01        3.000e+01      8.228e+01
SeO2F2                                                                                               -8.000e+02        1.490e+02        6.800e+01      7.756e+01
CF3AsH2                            6.159e+03         7.293e+00        2.133e+00       1.003e+01      -5.872e+06        1.459e+02        6.800e+01      9.694e+01
CF3CF2CF2Cl                        8.236e+03         8.653e+00        7.408e-01                      -4.259e+03        2.045e+02        9.800e+01      1.389e+02
CH2ClS_O__O_Cl                     8.376e+03         1.069e+01        3.329e+00                      -2.444e+03        1.490e+02        7.400e+01      1.296e+02
_CH3_2SiH2                         1.488e+04         9.470e+00        1.227e+00       7.612e+00      -3.119e+03        5.815e+01        3.200e+01      1.031e+02
CF3N_SF2                           5.278e+03         7.124e+00        1.805e+00       1.109e+01      -2.709e+03        1.531e+02        7.400e+01      1.056e+02
CH3N_NCH3                          1.765e+04         7.141e+00        0.000e+00       8.048e+00      -3.638e+03        5.808e+01        3.200e+01      9.145e+01
CH2CHCH2F                          1.539e+04         6.124e+00        1.838e+00       9.752e+00      -3.552e+03        6.007e+01        3.200e+01      8.498e+01
CH3CF_CH2                          1.518e+04         6.129e+00        1.702e+00       9.374e+00      -3.579e+03        6.007e+01        3.200e+01      8.508e+01
CH3Cl                              7.940e+03         4.354e+00        1.987e+00       1.113e+01      -1.616e+03        5.048e+01        2.600e+01      6.392e+01
IF7                                3.944e+03         4.486e+00        2.102e+00                      -2.330e+03        1.330e+02        6.300e+01      1.056e+02
CHF2OCHF2                          1.059e+04         5.315e+00        1.497e+00       1.220e+01      -3.506e+03        1.180e+02        5.800e+01      9.167e+01
C2F5SF5                            9.232e+03         9.058e+00        7.083e-01                      -4.321e+03        2.461e+02        1.180e+02      1.454e+02
ClCN                               1.851e+03         4.506e+00        2.977e+00       1.200e+01      -1.148e+03        6.147e+01        3.000e+01      6.496e+01
_CH3_2NH                           1.948e+04         5.861e+00        9.765e-01       8.080e+00      -3.582e+03        4.508e+01        2.600e+01      8.144e+01
CH3SCF3                            1.110e+04         7.495e+00        2.514e+00       9.659e+00      -3.269e+03        1.161e+02        5.800e+01      1.063e+02
CF3OClO3                           6.553e+03         7.877e+00        2.238e-01                      -2.506e+03        1.684e+02        8.200e+01      1.130e+02
CF3CF2CF_CF2                       9.724e+03         8.528e+00        1.045e+00                      -4.969e+03        2.000e+02        9.600e+01      1.367e+02
CH3GeH2CH3                         1.860e+04         9.043e+00        6.613e-01       9.542e+00      -5.456e+06        1.047e+02        5.200e+01      1.107e+02
CF3CF2OCFCF2                       1.063e+04         9.185e+00        4.658e-01                      -5.373e+03        2.160e+02        1.040e+02      1.479e+02
CHF2CH2CH3                         1.878e+04         6.258e+00        2.467e+00       1.087e+01      -4.226e+03        8.007e+01        4.200e+01      9.581e+01
CF3CCl_CF2                         6.829e+03         8.261e+00        1.163e+00       9.915e+00      -3.585e+03        1.665e+02        8.000e+01      1.225e+02
CH3ClSi                            1.165e+04         8.192e+00        2.043e+00       1.037e+01      -2.621e+03        8.059e+01        4.200e+01      1.055e+02
CF3CF2CF2Br                        8.053e+03         9.693e+00        8.258e-01       9.216e+04      -4.200e+03        2.489e+02        1.160e+02      1.469e+02
CH3OC2F5                           1.454e+04         7.208e+00        2.842e+00       1.879e+04      -4.735e+03        1.500e+02        7.400e+01      1.192e+02
CF3CF2I                            7.829e+03         4.727e+00        1.591e+00                      -4.433e+03        1.190e+02        5.700e+01      8.608e+01
CH3OCH_CH2                         1.787e+04         7.125e+00        1.734e+00       8.405e+00      -3.898e+03        5.808e+01        3.200e+01      9.204e+01
CBrF_CFH                           5.740e+03         7.209e+00        1.687e+00       9.409e+00      -2.187e+03        1.429e+02        6.600e+01      9.576e+01
GeH3SiH3                           1.002e+04         1.003e+01        1.473e-01       9.344e+00      -5.455e+06        1.068e+02        5.200e+01      1.106e+02
CF3CH2CHF2                         1.389e+04         6.443e+00        1.496e+00       1.197e+01      -4.366e+03        1.340e+02        6.600e+01      1.083e+02
CF3_CF3O_NNO                       9.563e+03         8.707e+00        4.767e-01                      -4.500e+03        1.980e+02        9.600e+01      1.378e+02
OCCCO                              4.485e+03         6.636e+00        0.000e+00                      -2.725e+03        6.803e+01        3.400e+01      7.675e+01
ClF3                               1.442e+03         4.168e+00        6.817e-01                      -5.101e+02        9.244e+01        4.400e+01      6.191e+01
CH3CH2NF2                          1.588e+04         6.127e+00        2.930e+00       9.957e+00      -3.376e+03        8.106e+01        4.200e+01      9.116e+01
PSClF2                             2.118e+03         8.746e+00        8.982e-01       1.006e+01      -1.516e+03        1.365e+02        6.600e+01      1.095e+02
CF3C_O_SF5                         1.193e+04         4.986e+00        1.819e+00       8.888e+00      -2.734e+03        4.405e+01        2.400e+01      6.808e+01
CHCl_CFCF3                         8.523e+03         8.402e+00        1.630e+00       2.651e+04      -3.575e+03        1.485e+02        7.200e+01      1.193e+02
F5SOCN                             6.350e+03         7.708e+00        2.626e+00       1.103e+01      -2.857e+03        1.691e+02        8.200e+01      1.137e+02
ONBr                               1.332e+03         6.116e+00        1.950e+00       1.023e+01      -7.630e+02        1.099e+02        5.000e+01      7.240e+01
_CF3_2C_CH2                        1.309e+04         8.142e+00        2.835e+00                      -5.008e+03        1.640e+02        8.000e+01      1.279e+02
CF2CFCFCF2                         8.194e+03         8.874e+00        0.000e+00                      -4.246e+03        1.620e+02        7.800e+01      1.200e+02
_CH3_3CF                           2.606e+04         8.037e+00        2.085e+00                      -5.399e+03        7.611e+01        4.200e+01      1.146e+02
CH3CH_C_CH2                        1.772e+04         8.268e+00        4.639e-01       8.868e+00      -4.101e+03        5.409e+01        3.000e+01      9.759e+01
SiH3PH2                            8.883e+03         8.992e+00        6.081e-01       8.886e+00      -1.874e+03        6.410e+01        3.400e+01      1.002e+02
C4H8                               2.338e+04         7.349e+00        0.000e+00                      -4.709e+03        5.610e+01        3.200e+01      9.719e+01
CF3OOH                             6.758e+03         4.318e+00        1.851e+00       1.085e+01      -2.445e+03        1.020e+02        5.000e+01      7.600e+01
CH2FCH2F                           1.284e+04         4.465e+00        2.831e+00       1.126e+01      -2.977e+03        6.605e+01        3.400e+01      7.274e+01
CHCl2F                             4.516e+03         6.499e+00        1.301e+00       1.112e+01      -1.525e+03        1.029e+02        5.000e+01      9.061e+01
CF3PH2                             6.614e+03         6.490e+00        2.034e+00       1.017e+01      -2.337e+03        1.020e+02        5.000e+01      9.164e+01
CF2ClCF_CF2                        6.755e+03         8.567e+00        8.476e-01       1.003e+01      -3.534e+03        1.665e+02        8.000e+01      1.233e+02
CH3BCl2                            9.021e+03         8.220e+00        1.503e+00       1.079e+01      -2.532e+03        9.674e+01        4.800e+01      1.081e+02
_CF3_2CN2                          9.013e+03         8.803e+00        1.027e+00                      -4.536e+03        1.780e+02        8.600e+01      1.311e+02
CH3SH                              9.678e+03         5.482e+00        1.557e+00       9.274e+00      -1.942e+03        4.810e+01        2.600e+01      7.164e+01
CF3CFClC_O_F                       7.693e+03         8.645e+00        1.261e+00       1.153e+01      -4.072e+03        1.825e+02        8.800e+01      1.324e+02
CF3CHFCF2H                         1.220e+04         6.566e+00        2.312e+00       1.172e+01      -4.355e+03        1.520e+02        7.400e+01      1.127e+02
CF3CF_CHCF3                        1.142e+04         8.502e+00        1.175e+00                      -5.025e+03        1.820e+02        8.800e+01      1.331e+02
CH2_CHBr                           8.899e+03         7.193e+00        1.521e+00       7.216e+04      -2.166e+03        1.069e+02        5.000e+01
NCNO2                              4.188e+03         5.215e+00        2.427e-01       1.242e+01      -1.930e+03        7.202e+01        3.600e+01      7.302e+01
CF3CHFBr                           7.340e+03         7.589e+00        1.453e+00       1.123e+01      -2.917e+03        1.809e+02        8.400e+01      1.120e+02
CF_O_OOCFO                         6.545e+03         7.022e+00        0.000e+00       1.162e+01      -3.367e+03        1.260e+02        6.200e+01      9.879e+01
CH3_CH3_CFCH3                      2.606e+04         8.037e+00        2.085e+00                      -5.399e+03        7.611e+01        4.200e+01      1.146e+02
CF3CHNN                            7.925e+03         6.765e+00        2.100e+00                      -3.220e+03        1.100e+02        5.400e+01      9.594e+01
CF3CHClCF3                         1.006e+04         8.528e+00        1.658e+00                      -4.226e+03        1.865e+02        9.000e+01      1.340e+02
_CH3_3SiH                          2.505e+04         1.011e+01        5.579e-01       9.542e+00      -5.054e+03        7.420e+01        4.200e+01      1.296e+02
CH3CH2Cl                           1.405e+04         6.314e+00        2.215e+00       1.072e+01      -2.831e+03        6.451e+01        3.400e+01      8.700e+01
SiCl3F                             1.753e+03         9.411e+00        6.375e-01       1.140e+01      -1.667e+03        1.534e+02        7.400e+01      1.256e+02
CH2CHC_CH                          1.288e+04         7.793e+00        4.154e-01       4.208e+03      -3.483e+03        5.207e+01        2.800e+01
FSSF                               1.308e+03         6.702e+00        1.772e+00       1.029e+01      -9.909e+02        1.021e+02        5.000e+01      8.438e+01
CF3CH2Cl                           9.149e+03         6.404e+00        1.973e+00       1.147e+01      -2.963e+03        1.185e+02        5.800e+01      9.958e+01
CH2FCHCH3CH3                       2.635e+04         8.021e+00        1.946e+00                      -5.369e+03        7.611e+01        4.200e+01      1.143e+02
PCl2F                              1.205e+03         8.224e+00        9.760e-01       1.020e+01      -1.077e+03        1.209e+02        5.800e+01      1.015e+02
CF3CH_CHCF3                        1.314e+04         8.342e+00        3.451e-03                      -5.026e+03        1.640e+02        8.000e+01      1.290e+02
COCl2                              2.207e+03         6.670e+00        1.264e+00       1.126e+01      -1.394e+03        9.891e+01        4.800e+01      8.836e+01
CF2=CFCF3                          7.113e+03         6.442e+00        9.584e-01       1.028e+01      -3.700e+03                   
CClF2NF2                           4.540e+03         6.416e+00        1.109e+00       1.070e+01      -2.085e+03        1.375e+02        6.600e+01      9.907e+01
CClF2CH2F                          9.158e+03         6.520e+00        2.145e+00       1.146e+01      -2.919e+03        1.185e+02        5.800e+01      9.952e+01
HC_CC_CH                           7.319e+03         7.465e+00        0.000e+00                      -2.828e+03        5.006e+01        2.600e+01      8.377e+01
_CH3_2BCl                          1.647e+04         8.214e+00        1.679e+00                      -3.746e+03        7.633e+01        4.000e+01
SF5OCl                             4.578e+03         7.515e+00        1.121e+00       1.086e+01      -1.873e+03        1.785e+02        8.600e+01      1.116e+02
CH3OC2H5                           2.282e+04         7.065e+00        1.186e+00       9.383e+00      -4.493e+03        6.009e+01        3.400e+01      9.859e+01
CHBr_CF2                           5.754e+03         7.152e+00        1.020e+00       9.381e+00      -2.213e+03        1.429e+02        6.600e+01      9.590e+01
_NF2_3CF                           7.736e+03         7.994e+00        2.663e-01       1.114e+01      -2.926e+03        1.870e+02        9.000e+01      1.249e+02
_CF3_2C_CF2                        9.709e+03         8.394e+00        1.251e+00                      -5.031e+03        2.000e+02        9.600e+01      1.358e+02
CH3CH2GeH3                         1.867e+04         9.093e+00        8.335e-01       9.290e+00      -5.456e+06        1.047e+02        5.200e+01      1.116e+02
CH2_CClCF3                         1.012e+04         8.124e+00        2.324e+00       2.381e+04      -3.560e+03        1.305e+02        6.400e+01      1.149e+02
SiH2Cl2                            4.309e+03         8.058e+00        1.356e+00                      -1.415e+03        1.010e+02        5.000e+01      1.037e+02
CF3CClFCH3                         1.327e+04         8.350e+00        2.282e+00       1.112e+01      -4.198e+03        1.505e+02        7.400e+01      1.259e+02
C2F5NCO                            8.427e+03         7.669e+00        6.731e-01       1.139e+01      -4.379e+03        1.610e+02        7.800e+01      1.193e+02
CF3OCF_CF3_C_O_F                   1.157e+04         9.415e+00        9.401e-01                      -5.924e+03        2.320e+02        1.120e+02      1.568e+02
SO2ClF                             2.799e+03         6.439e+00        1.503e+00       1.213e+01      -1.389e+03        1.185e+02        5.800e+01      8.858e+01
CH2OCH2                            1.212e+04         4.321e+00        1.932e+00       1.034e+01      -2.663e+03        4.405e+01        2.400e+01      6.343e+01
CF3CF2CF2CF2H                      1.298e+04         8.663e+00        1.648e+00                      -5.638e+03        2.200e+02        1.060e+02      1.480e+02
CClF2COCF3                         7.605e+03         8.742e+00        9.050e-01       1.089e+01      -4.033e+03        1.825e+02        8.800e+01      1.335e+02
CH3CCl_CH2                         1.495e+04         8.081e+00        1.732e+00       9.183e+00      -3.442e+03        7.652e+01        4.000e+01      1.032e+02
CClF_CClF_cis                      3.854e+03         8.196e+00        1.054e+00       9.250e+00      -2.121e+03        1.329e+02        6.400e+01      1.091e+02
CF3C__NH_CF3                       1.071e+04         7.472e+00        1.682e+00       2.091e+04      -4.490e+03        1.650e+02        8.000e+01      1.217e+02
CF3NCl2                            4.394e+03         8.197e+00        6.673e-01       9.786e+00      -2.111e+03        1.539e+02        7.400e+01      1.154e+02
HNCO                               4.565e+03         3.311e+00        3.940e+00       1.160e+01      -1.670e+03        4.302e+01        2.200e+01      5.222e+01
CF3SClF4                           6.245e+03         9.263e+00        1.116e+00                      -2.886e+03        2.125e+02        1.020e+02      1.319e+02
CF3CH2CH2CH3                       2.314e+04         8.131e+00        2.658e+00                      -5.503e+03        1.121e+02        5.800e+01      1.229e+02
C4F3H5                             1.833e+04         7.472e+00        2.728e+00       1.028e+01      -4.868e+03        1.101e+02        5.600e+01      1.112e+02
BrF                                3.254e+02         3.390e+00        1.461e+00       1.185e+01      -2.495e+02        9.890e+01        4.400e+01      5.325e+01
CHF2I                              6.858e+03         2.652e+00        2.021e+00       1.249e+01      -3.095e+03        5.101e+01        2.500e+01      4.927e+01
CF2_CFSF5                          7.780e+03         8.464e+00        1.462e+00       3.463e+04      -3.593e+03        2.081e+02        1.000e+02      1.292e+02
C2H5NO2                            1.609e+04         6.994e+00        2.895e+00       9.789e+00      -3.674e+03        7.507e+01        4.000e+01      9.575e+01
_CF3_2NC_O_F                       9.990e+03         8.161e+00        1.201e+00       2.566e+04      -5.004e+03        1.990e+02        9.600e+01      1.341e+02
N2O4                               4.932e+03         6.242e+00        0.000e+00                      -1.955e+03        9.201e+01        4.600e+01      7.834e+01
CCl3F                              2.325e+03         8.487e+00        4.563e-01       1.117e+01      -1.390e+03        1.374e+02        6.600e+01      1.119e+02
CF3C_O_CH3                         1.284e+04         6.507e+00        2.778e+00       1.040e+01      -4.124e+03        1.120e+02        5.600e+01      1.024e+02
CH3CF2CF2CH3                       2.115e+04         8.106e+00        3.475e+00       1.511e+04      -5.528e+03        1.301e+02        6.600e+01      1.265e+02
C4F10_butane                       1.119e+04         8.778e+00        2.592e-01                      -5.687e+03        2.380e+02        1.140e+02      1.526e+02
C4ClF7                             9.496e+03         9.842e+00        6.007e-01                      -4.808e+03        2.165e+02        1.040e+02      1.484e+02
CH3CHO                             1.170e+04         4.613e+00        2.906e+00       1.002e+01      -2.778e+03        4.405e+01        2.400e+01      6.686e+01
COFI                               4.370e+03         2.686e+00        2.132e+00       1.222e+01      -2.952e+03        4.701e+01        2.300e+01      4.737e+01
C5F8                               1.118e+04         9.520e+00        1.142e+00                      -5.625e+03        2.120e+02        1.020e+02      1.443e+02
HF                                 1.969e+03         7.660e-01        1.803e+00                      -5.755e+02        2.001e+01        1.000e+01      2.058e+01
CH2BrF                             6.407e+03         5.521e+00        1.830e+00       1.083e+01      -1.585e+03        1.129e+02        5.200e+01      7.638e+01
CHCl_CHCF3                         1.008e+04         8.312e+00        1.416e+00       2.381e+04      -3.565e+03        1.305e+02        6.400e+01      1.154e+02
B4H10                              2.629e+03         9.134e+00        0.000e+00       9.286e+00      -1.296e+03        4.324e+01        2.000e+01      8.885e+01
CCl2_CF2                           3.910e+03         8.172e+00        1.367e-01       9.282e+00      -2.133e+03        1.329e+02        6.400e+01      1.092e+02
C5F10                              1.261e+04         9.836e+00        4.803e-02                      -6.279e+03        2.500e+02        1.200e+02      1.601e+02
GeH3OCH3                           1.363e+04         7.668e+00        1.213e+00       9.382e+00      -5.456e+06        1.067e+02        5.200e+01      9.806e+01
C2F5OCF3_ether                     1.454e+04         7.207e+00        2.842e+00       1.110e+01      -4.735e+03        1.500e+02        7.400e+01      1.192e+02
CHClFCH3                           1.239e+04         6.396e+00        2.324e+00       1.105e+01      -2.867e+03        8.250e+01        4.200e+01      9.128e+01
_CF3_3P                            9.101e+03         1.073e+01        1.003e+00       3.684e+04      -4.955e+03        2.380e+02        1.140e+02      1.611e+02
CH3OC_CH                           1.270e+04         6.375e+00        2.009e+00       9.097e+00      -3.197e+03        5.606e+01        3.000e+01      8.456e+01
CH2FCF2CH3                         1.692e+04         6.297e+00        3.781e+00       1.085e+01      -4.251e+03        9.806e+01        5.000e+01      1.001e+02
_CF3_2SF2                          7.331e+03         8.898e+00        3.371e-01       3.463e+04      -3.825e+03        2.081e+02        1.000e+02
CF3CH_CFCl                         8.433e+03         8.393e+00        2.338e+00       1.020e+01      -3.582e+03        1.485e+02        7.200e+01
BrO3F                              2.349e+03         6.113e+00        3.361e-01                      -6.928e+02        1.469e+02        6.800e+01      7.918e+01
CH3CH2PH2                          1.761e+04         8.348e+00        1.247e+00       8.692e+00      -3.418e+03        6.205e+01        3.400e+01      1.020e+02
FC_O_OC_O_F                        5.950e+03         5.371e+00        1.675e+00       1.163e+01      -3.204e+03        1.100e+02        5.400e+01      8.704e+01
_CF3_2NCN                          9.209e+03         8.185e+00        2.261e+00                      -4.604e+03        1.780e+02        8.600e+01
CClF_CClF                          3.864e+03         8.406e+00        0.000e+00       9.241e+00      -2.124e+03        1.329e+02        6.400e+01
CH3CH2NH2                          1.955e+04         5.851e+00        1.294e+00       8.648e+00      -3.615e+03        4.508e+01        2.600e+01      8.119e+01
CHClFCHF2                          9.244e+03         6.507e+00        2.429e+00       1.112e+01      -2.913e+03        1.185e+02        5.800e+01      9.949e+01
CF3SO2OCF3                         9.029e+03         9.426e+00        1.357e+00                      -4.472e+03        2.181e+02        1.060e+02      1.447e+02
_-CF2CF2OCF2CF2O-_                 1.202e+04         9.227e+00        0.000e+00                      -5.915e+03        2.320e+02        1.120e+02      1.495e+02
_CH3_2PH                           1.764e+04         8.387e+00        1.246e+00       8.175e+00      -3.432e+03        6.205e+01        3.400e+01      1.014e+02
CH3CHFCH2CH3                       2.628e+04         8.070e+00        2.000e+00       1.015e+01      -5.385e+03        7.611e+01        4.200e+01      1.148e+02
CH3C_O_F                           1.021e+04         4.483e+00        3.066e+00       1.128e+01      -2.886e+03        6.204e+01        3.200e+01      7.040e+01
_CF3_2NBr                          7.324e+03         9.011e+00        1.248e+00       1.015e+01      -3.615e+03        2.319e+02        1.080e+02      1.353e+02
CF2_CFCF_CF2_perfluoro             8.194e+03         8.875e+00        0.000e+00                      -4.246e+03        1.620e+02        7.800e+01      1.200e+02
CF3N_S_O                           4.879e+03         7.030e+00        1.634e+00                      -2.536e+03        1.311e+02        6.400e+01      9.898e+01
CHCl_CHF_cis                       7.534e+03         6.142e+00        2.160e+00                      -2.237e+03        8.048e+01        4.000e+01
CF3CHFCH2F                         1.383e+04         6.453e+00        1.422e+00       1.171e+01      -4.320e+03        1.340e+02        6.600e+01      1.084e+02
CF3CHFOCHF2                        1.319e+04         7.346e+00        1.803e+00       2.149e+04      -4.781e+03        1.680e+02        8.200e+01      1.237e+02
_CF3_2CFOCl                        9.036e+03         9.623e+00        9.089e-01                      -4.515e+03        2.205e+02        1.060e+02      1.494e+02
CBr2F2                             2.438e+03         8.718e+00        5.722e-01       1.049e+01      -1.449e+03        2.098e+02        9.400e+01      1.107e+02
CF3-NCF2OCF2CF2-                   1.284e+04         9.884e+00        1.414e-01                      -6.266e+03        2.490e+02        1.200e+02      1.606e+02
_CF3_2S                            6.150e+03         7.828e+00        8.344e-01       1.070e+01      -3.365e+03        1.701e+02        8.200e+01      1.196e+02
_CH3_3SiF                          2.392e+04         9.618e+00        1.999e+00                      -5.292e+03        9.219e+01        5.000e+01      1.309e+02
NO2CF2CF2NO                        8.928e+03         8.896e+00        1.388e+00       2.205e+04      -4.093e+03        1.760e+02        8.600e+01      1.314e+02
_CF3_3PF2                          1.047e+04         1.102e+01        4.482e-01                      -5.599e+03        2.760e+02        1.320e+02
CHF2OCF2CH2F                       1.479e+04         7.197e+00        9.400e-01       1.879e+04      -4.737e+03        1.500e+02        7.400e+01      1.190e+02
CF3CH3CF2CH3                       1.960e+04         8.235e+00        3.980e+00                      -5.587e+03        1.481e+02        7.400e+01      1.311e+02
CF3CH2CH2CF3                       1.828e+04         8.261e+00        3.510e-03                      -5.657e+03        1.661e+02        8.200e+01      1.351e+02
CHCl_CHF_trans                     7.455e+03         6.108e+00        1.599e-01       9.514e+00      -2.233e+03        8.048e+01        4.000e+01      8.391e+01
C2F5NNC2F5                         1.301e+04                                                         -6.410e+03        2.660e+02        1.280e+02      1.807e+02
_CH3_2CCH2CH2                      2.898e+04         9.335e+00        1.255e-01                      -5.920e+03        7.013e+01        4.000e+01      1.222e+02
CF2ClCF2CH3                        1.324e+04         8.329e+00        2.469e+00       2.654e+04      -4.185e+03        1.505e+02        7.400e+01      1.260e+02
H2S                                3.178e+03         3.555e+00        9.923e-01                                                                        4.954e+01
H2O                                4.516e+03         1.407e+00        1.854e+00       1.257e+01      -9.538e+02        1.802e+01        1.000e+01      2.728e+01
SiCl2F2                                                                                                                                                1.068e+02
CH3CH2C_CH                                                                                                                                             9.735e+01
HBr                                                                                                                                                    4.947e+01
