Vibrational ZPE	Polarizability	Dipole Moment	Adiabatic IE	Cohesive Energy	Molecular Mass	Number e-	Molecular Volume
496.8	1.135	0.0	15.63	-146.3	38.0	18.0	27.98
15750.0	4.366	0.0	11.33	-2929.0	30.07	18.0	64.76
5538.0	2.665	0.0	11.89	-1169.0	13.83	8.0	42.43
4148.0	3.804	0.3668	12.33	-1977.0	104.0	50.0	71.02
1423.0	2.443	1.122	12.68	-435.7	36.46	18.0	41.06
1702.0	3.924	1.396	11.58	-1424.0	87.97	42.0	63.97
1144.0	2.044	0.3288	13.0	-379.4	54.0	26.0	40.45
3678.0	3.658	1.555	13.03	-761700.0	86.09	42.0	66.91
3578.0	3.411	0.4973	11.72	-1778.0	82.0	40.0	61.55
3220.0	3.741	0.1528	13.24	-1144.0	87.0	42.0	61.22
6220.0	5.339	0.0	10.29	-5454000.0	76.66	36.0	66.21
2921.0	2.735	0.9988	12.83	-1697.0	66.01	32.0	52.01
7235.0	2.122	1.515	10.11	-1236.0	17.03	10.0	34.53
257.8	4.386	0.0	11.35	-219.8	70.9	34.0	63.39
379.4	2.583	0.9557	12.61	-244.2	54.45	26.0	45.42
6579.0	4.789	0.0	10.88	-761000.0	32.12	18.0	63.0
5042.0	4.556	0.5683	9.751	-1006.0	34.0	18.0	56.97
1561.0	2.688	0.6552	12.58	-575.8	48.0	24.0	43.72
2133.0	2.753	0.2601	12.46	-850.7	71.0	34.0	50.6
5752.0	4.302	1.508	11.72	-761200.0	50.11	26.0	63.67
10810.0	4.189	0.0	10.25	-2314.0	28.05	16.0	58.47
5742.0	5.931	0.8656	11.14	-2712.0	111.0	54.0	89.59
4957.0	4.554	0.5597	11.25	-2258.0	121.0	58.0	81.67
4173.0	6.203	1.416	10.6	-2573.0	138.0	66.0	97.09
2068.0	12.42	0.947	62090.0	-1357.0	191.8	92.0	148.1
6678.0	4.289	1.541	9.53	-2185.0	42.03	22.0	59.72
4006.0	5.518	0.373	10.25	-1519.0	60.48	30.0	73.1
8272.0	6.605	0.3868	11.55	-4163.0	166.0	80.0	111.0
2336.0	4.391	0.8659	11.95	-1289.0	108.1	52.0	70.28
3513.0	4.613	1.051	11.51	-1634.0	78.02	38.0	70.1
2552.0	4.617	1.337	11.92	-1545.0	82.46	40.0	70.14
7284.0	6.774	1.296	12.14	-3856.0	145.0	70.0	111.2
5842.0	5.579	0.5783	11.9	-3111.0	111.0	54.0	87.78
3658.0	4.39	0.2916	12.12	-1302.0	104.0	50.0	72.63
10380.0	6.253	2.351	10.63	-3692.0	114.0	56.0	97.54
3527.0	4.364	0.1088	12.78	-1300.0	81.0	40.0	64.74
2725.0	4.942	1.368	11.77	-1235.0	103.1	50.0	73.04
6532.0	5.416	1.058	12.08	-3413.0	132.0	64.0	94.1
5456.0	4.776	0.6227	12.18	-2962.0	116.0	56.0	84.21
4230.0	3.537	0.6871	10.94	-1607.0	44.03	22.0	54.49
4799.0	3.932	1.741	12.13	-1772.0	68.1	34.0	64.96
4876.0	4.604	1.49	11.89	-1687.0	86.46	42.0	72.48
6866.0	6.337	0.1343	9.772	-3447.0	149.0	72.0	106.4
6724.0	4.502	1.548	10.97	-2215.0	103.0	50.0	77.06
2967.0	4.073	1.639	10.48	-1237.0	69.98	34.0	61.15
4842.0	5.713	0.4643	11.87	-3331.0	154.1	74.0	103.2
8272.0	6.605	0.3868	11.55	-4163.0	166.0	80.0	111.0
3444.0	5.638	1.402	12.11	-1820.0	102.5	50.0	86.04
12880.0	6.564	0.7564	10.36	-2572.0	46.14	26.0	85.18
10990.0	4.5	2.446	12.25	-3095.0	84.04	42.0	77.15
7750.0	6.366	0.3913	11.08	-3702.0	171.0	82.0	111.8
2881.0	3.311	0.5891	13.07	-1180.0	65.0	32.0	53.1
21780.0	6.224	0.09699	10.63	-4134.0	44.09	26.0	87.94
2349.0	5.2	0.1582	10.29	-1439.0	82.07	40.0	72.9
8129.0	6.666	2.418	10.78	-2681.0	100.1	50.0	97.75
9670.0	4.217	1.793	11.79	-2918.0	63.84	32.0	70.77
5466.0	5.789	1.938	11.44	-2945.0	112.0	54.0	90.47
1572.0	2.476	1.755	12.74	-888.8	49.0	24.0	43.47
4712.0	4.754	1.262	13.5	-2589.0	95.02	46.0	79.6
3129.0	4.84	0.3378	12.77	-811.0	102.4	50.0	71.14
8607.0	6.823	0.1428	12.16	-4434.0	188.0	90.0	121.9
2718.0	4.037	1.061	10.64	-1195.0	61.02	30.0	58.91
17190.0	5.523	0.0002879	9.609	-3497.0	42.08	24.0	76.31
7493.0	6.552	0.4689	11.15	-3516.0	171.0	82.0	112.9
7719.0	5.131	1.319	10.54	-2332.0	41.84	22.0	69.65
5465.0	4.69	0.5323	11.31	-2828.0	116.0	56.0	81.4
2871.0	3.941	1.54	12.49	-1904.0	104.0	50.0	70.05
1441.0	6.054	1.206	10.78	-1247.0	104.4	50.0	82.99
8918.0	6.02	2.423	9.657	-2487.0	84.0	42.0	83.78
2124.0	6.35	1.04	11.7	-1973.0	165.0	76.0	96.54
8817.0	5.416	1.327	12.53	-3558.0	136.0	66.0	96.61
13690.0	6.104	1.863	9.279	-3601.0	78.06	40.0	88.33
5594.0	5.167	1.473	11.13	-2558.0	115.0	56.0	84.73
2146.0	2.699	2.212	14.39	-1236.0	45.02	22.0	46.59
19280.0	7.021	0.6254	11.47	-3746.0	41.69	24.0	95.54
7816.0	4.24	2.388	9.913	-2355.0	64.03	32.0	65.58
5047.0	5.243	0.9654	9.921	-2169.0	116.0	56.0	83.5
2239.0	5.324	0.8142	12.57	-2035.0	120.5	58.0	88.06
2957.0	5.66	0.5388	11.43	-1678.0	148.9	68.0	85.09
1811.0	4.657	0.7334	11.18	-751.7	87.45	42.0	68.47
2697.0	6.558	0.5401	11.44	-1561.0	120.9	58.0	94.56
11790.0	5.246	0.4739	9.356	-2782.0	40.06	22.0	70.15
5523.0	6.352	1.491	11.07	-1372.0	66.56	34.0	83.26
8979.0	10.03	0.0	9.324	-1696.0	145.5	68.0	111.9
7142.0	6.261	2.223	10.95	-2887.0	118.1	58.0	99.02
16840.0	6.15	0.4303	9.396	-3532.0	42.08	24.0	81.52
4354.0	4.527	0.6943	11.27	-2044.0	99.01	48.0	74.69
14270.0	4.405	2.05	11.45	-2959.0	48.06	26.0	68.66
5047.0	5.243	0.9654	9.921	-2169.0	116.0	56.0	83.5
4370.0	2.686	2.131	12.22	-1644.0	48.02	24.0	47.35
2848.0	4.506	0.681	9.77	-674.9	80.99	36.0	56.89
2434.0	6.545	0.1531	10.52	-1693.0	120.0	58.0	91.19
3941.0	5.452	0.8923	11.28	-1996.0	120.5	58.0	87.82
3572.0	4.654	0.9225	12.21	-1591.0	124.1	60.0	77.34
7754.0	4.198	0.0	9.871	-2352.0	64.03	32.0	65.53
4595.0	5.315	0.2283	9.693	-5871000.0	77.95	36.0	62.45
9637.0	5.374	2.684	11.77	-3267.0	100.1	50.0	89.1
5116.0	6.772	0.8711	11.37	-2809.0	132.5	64.0	102.1
5726.0	5.452	0.4505	11.38	-2587.0	137.0	66.0	93.19
8053.0	6.69	0.415	11.36	-4114.0	166.0	80.0	113.0
4203.0	6.264	0.5247	9.506	-2256.0	116.5	56.0	91.68
8074.0	7.127	0.4039	21450.0	-4109.0	166.0	80.0	116.2
12050.0	5.17	2.622	11.31	-3469.0	100.0	50.0	87.48
1882.0	3.47	1.39	12.87	-629.7	69.99	34.0	52.37
11630.0	6.179	0.0	9.389	-2888.0	40.06	22.0	74.66
7715.0	6.6	0.0	11.07	-3763.0	170.0	82.0	113.2
9467.0	4.599	2.117	11.92	-3090.0	102.0	50.0	81.49
9910.0	5.923	1.902	11.81	-4109.0	111.6	54.0	99.63
7113.0	6.442	0.9584	10.28	-3700.0	150.0	72.0	105.5
4877.0	5.634	1.599	10.56	-2066.0	102.1	50.0	84.53
16690.0	6.175	1.375	10.29	-3932.0	59.88	32.0	91.08
5287.0	7.18	0.0002726	8.428	-2821.0	112.0	54.0	91.44
12690.0	4.466	2.391	11.55	-3022.0	66.05	34.0	72.89
7414.0	6.171	1.406	9.707	-2244.0	80.48	40.0	83.99
23750.0	8.229	0.07823	9.671	-4940.0	55.91	32.0	111.6
13820.0	5.65	2.423	9.669	-3563.0	78.06	40.0	84.5
6979.0	7.701	1.301	32370.0	-3127.0	191.1	92.0	119.2
12200.0	6.564	1.656	11.53	-4334.0	152.0	74.0	112.6
1759.0	6.057	0.8447	10.4	-1274.0	107.0	48.0	73.14
5885.0	6.155	1.087	9.515	-2264.0	98.47	48.0	87.87
1450.0	6.761	1.431	10.44	-981.6	102.1	50.0	84.31
1386.0	4.892	1.945	11.08	-791.8	65.46	32.0	63.55
10350.0	9.43	0.0	9.488	-2187.0	62.22	34.0	107.6
27930.0	8.091	0.0	10.03	-5338.0	58.12	34.0	111.1
3461.0	4.974	0.0	14.39	-2043.0	52.03	26.0	67.46
1151.0	4.095	1.989	11.48	-803.4	65.07	32.0	59.58
4062.0	7.254	0.6671	9.384	-2202.0	160.9	74.0	99.75
10980.0	7.278	0.8628	8.926	-5872000.0	91.97	44.0	84.43
15760.0	7.183	2.81	10.83	-4461.0	114.1	58.0	112.0
22910.0	8.081	0.4298	9.228	-4735.0	56.1	32.0	104.6
6476.0	7.662	0.9548	11.29	-3263.0	170.5	82.0	119.4
5302.0	8.546	0.7283	11.39	-2840.0	170.9	82.0	125.2
12090.0	6.559	2.073	11.75	-4351.0	152.0	74.0	112.8
3840.0	6.729	0.7605	36930.0	-1634.0	162.5	78.0	101.3
8904.0	6.404	1.192	10.03	-3649.0	132.0	64.0	100.9
14150.0	8.333	0.6777	9.609	-3162.0	58.15	32.0	101.7
2507.0	8.274	1.922	9.222	-1985.0	137.9	66.0	104.1
6888.0	4.699	1.871	10.99	-2877.0	98.02	48.0	79.99
4410.0	6.333	1.73	10.49	-2407.0	136.1	66.0	95.61
6720.0	4.722	1.68	8.982	-1873.0	42.04	22.0	60.83
15360.0	6.382	3.056	10.9	-4297.0	116.1	58.0	104.2
25350.0	7.876	0.5161	7.566	-4769.0	59.11	34.0	104.6
5462.0	3.498	1.432	11.33	-1933.0	65.02	32.0	58.67
5547.0	7.719	0.6713	11.39	-2948.0	198.9	92.0	116.2
13620.0	6.464	2.437	11.36	-4360.0	134.0	66.0	108.6
5572.0	6.629	1.411	12.19	-2791.0	152.1	74.0	103.1
1332.0	6.116	1.95	10.23	-763.0	109.9	50.0	72.4
1360.0	7.249	1.173	10.53	-1193.0	148.9	68.0	91.41
12070.0	6.532	2.018	12.58	-4426.0	152.0	74.0	112.7
18970.0	8.429	0.8522	9.627	-3766.0	60.17	34.0	108.2
23110.0	7.428	0.1464	9.0	-4708.0	56.1	32.0	99.43
11360.0	7.403	1.606	24180.0	-4818.0	186.0	90.0	128.1
4578.0	6.599	0.6799	10.75	-2172.0	136.5	66.0	99.93
8783.0	6.337	1.866	16710.0	-3728.0	132.0	64.0	101.6
11580.0	8.766	0.4154	10.26	-2805.0	78.22	42.0	112.8
5627.0	2.656	2.408	10.75	-1534.0	30.02	16.0	43.32
15390.0	6.124	1.838	9.752	-3552.0	60.07	32.0	84.98
10430.0	6.679	1.452	12.22	-4411.0	170.0	82.0	117.3
18450.0	6.237	2.528	11.05	-4250.0	80.07	42.0	96.1
14080.0	6.956	1.091	9.873	-3026.0	62.14	34.0	94.29
7472.0	6.606	1.683	11.41	-2953.0	136.5	66.0	103.8
10410.0	6.694	1.5	11.72	-4384.0	170.0	82.0	117.3
3386.0	7.618	0.8052	9.931	-1929.0	136.5	66.0	106.2
7152.0	7.158	0.1912	10.19	-3092.0	147.0	72.0	106.8
5434.0	7.471	1.509	10.56	-1316.0	111.0	52.0	91.56
8738.0	6.314	2.107	10.3	-3677.0	132.0	64.0	101.4
20310.0	8.662	0.5792	8.875	-4378.0	53.7	30.0	112.6
2762.0	5.633	0.624	12.89	-714.7	130.4	62.0	78.6
6524.0	4.486	1.876	11.45	-1638.0	68.47	34.0	68.24
15350.0	6.372	2.554	11.3	-4314.0	116.1	58.0	104.2
12470.0	7.201	0.6807	9.96	-5455000.0	90.69	44.0	88.51
18230.0	7.172	0.166	9.085	-4092.0	54.09	30.0	90.73
9032.0	6.141	1.478	14640.0	-2219.0	62.49	32.0	80.6
6136.0	7.451	1.189	11.33	-3258.0	148.5	72.0	112.2
20280.0	6.242	2.085	10.73	-4181.0	62.08	34.0	91.95
8430.0	7.502	1.505	20440.0	-4287.0	162.0	78.0	114.9
5544.0	6.637	2.597	9.131	-2745.0	111.0	54.0	89.53
3612.0	3.743	1.5	12.08	-1749.0	83.01	40.0	63.98
10640.0	6.43	2.29	20080.0	-2920.0	100.5	50.0	95.38
12800.0	7.001	2.895	9.189	-3775.0	112.1	56.0	104.1
6418.0	7.439	0.2716	10.86	-2464.0	149.0	72.0	108.8
7455.0	8.046	0.7274	10.33	-3645.0	187.5	90.0	127.9
2599.0	6.058	0.3739	10.11	-1156.0	77.47	38.0	76.62
8778.0	6.328	1.475	10.31	-3683.0	132.0	64.0	101.4
6866.0	6.337	0.1347	9.772	-3447.0	149.0	72.0	106.4
9868.0	4.306	2.746	10.22	-2164.0	67.04	34.0	68.29
11690.0	5.522	0.8438	10.0	-2876.0	40.06	22.0	74.12
3658.0	7.859	1.09	94450.0	-1590.0	207.0	96.0	109.6
13510.0	3.921	1.305	8.856	-2403.0	31.06	18.0	57.88
7479.0	6.559	1.474	11.54	-2971.0	136.5	66.0	103.9
20410.0	6.215	1.985	10.64	-4164.0	62.08	34.0	91.64
9337.0	7.185	0.09868	11.91	-4665.0	182.0	88.0	120.1
8368.0	7.573	0.005118	11.0	-3962.0	186.0	90.0	124.9
775.6	5.619	0.5613	10.62	-389.1	86.9	42.0	75.03
16980.0	6.273	2.571	11.46	-4299.0	98.06	50.0	99.84
7228.0	6.458	1.026	11.39	-3575.0	148.0	72.0	106.1
18050.0	8.632	0.0	8.612	-4152.0	54.09	30.0	98.26
11220.0	4.537	3.315	11.36	-3021.0	84.04	42.0	76.94
10180.0	5.062	2.629	10.1	-2457.0	61.04	32.0	72.51
16780.0	7.446	2.594	10.52	-4287.0	96.15	50.0	109.8
15280.0	6.094	1.55	9.289	-3564.0	60.07	32.0	84.6
4410.0	6.333	1.73	10.49	-2407.0	136.1	66.0	95.61
3892.0	6.887	0.0	11.59	-3499.0	170.2	82.0	115.7
11450.0	6.442	1.128	8.86	-2215.0	48.02	26.0	78.98
10510.0	8.131	0.1084	29040.0	-5188.0	221.0	106.0	140.7
15260.0	6.094	1.894	9.271	-3562.0	60.07	32.0	84.74
5862.0	8.862	1.148	10.07	-3288.0	217.0	100.0	126.5
17010.0	7.752	2.911	10.76	-4942.0	130.1	66.0	122.2
9613.0	4.63	2.505	11.41	-3064.0	102.0	50.0	81.35
1702.0	3.924	1.396	11.58	-1424.0	158.9	76.0	113.2
9161.0	7.68	0.3315	10.26	-2530.0	56.14	30.0	94.44
12840.0	6.177	1.981	8.749	-3386.0	56.06	30.0	82.28
6159.0	7.293	2.133	10.03	-5872000.0	145.9	68.0	96.94
14880.0	9.47	1.227	7.612	-3119.0	58.15	32.0	103.1
5278.0	7.124	1.805	11.09	-2709.0	153.1	74.0	105.6
17650.0	7.141	0.0	8.048	-3638.0	58.08	32.0	91.45
15390.0	6.124	1.838	9.752	-3552.0	60.07	32.0	84.98
15180.0	6.129	1.702	9.374	-3579.0	60.07	32.0	85.08
7940.0	4.354	1.987	11.13	-1616.0	50.48	26.0	63.92
10590.0	5.315	1.497	12.2	-3506.0	118.0	58.0	91.67
1851.0	4.506	2.977	12.0	-1148.0	61.47	30.0	64.96
19480.0	5.861	0.9765	8.08	-3582.0	45.08	26.0	81.44
11100.0	7.495	2.514	9.659	-3269.0	116.1	58.0	106.3
18600.0	9.043	0.6613	9.542	-5456000.0	104.7	52.0	110.7
18780.0	6.258	2.467	10.87	-4226.0	80.07	42.0	95.81
6829.0	8.261	1.163	9.915	-3585.0	166.5	80.0	122.5
11650.0	8.192	2.043	10.37	-2621.0	80.59	42.0	105.5
8053.0	9.693	0.8258	92160.0	-4200.0	248.9	116.0	146.9
14540.0	7.208	2.842	18790.0	-4735.0	150.0	74.0	119.2
17870.0	7.125	1.734	8.405	-3898.0	58.08	32.0	92.04
5740.0	7.209	1.687	9.409	-2187.0	142.9	66.0	95.76
10020.0	10.03	0.1473	9.344	-5455000.0	106.8	52.0	110.6
13890.0	6.443	1.496	11.97	-4366.0	134.0	66.0	108.3
15880.0	6.127	2.93	9.957	-3376.0	81.06	42.0	91.16
2118.0	8.746	0.8982	10.06	-1516.0	136.5	66.0	109.5
11930.0	4.986	1.819	8.888	-2734.0	44.05	24.0	68.08
8523.0	8.402	1.63	26510.0	-3575.0	148.5	72.0	119.3
6350.0	7.708	2.626	11.03	-2857.0	169.1	82.0	113.7
1332.0	6.116	1.95	10.23	-763.0	109.9	50.0	72.4
17720.0	8.268	0.4639	8.868	-4101.0	54.09	30.0	97.59
8883.0	8.992	0.6081	8.886	-1874.0	64.1	34.0	100.2
6758.0	4.318	1.851	10.85	-2445.0	102.0	50.0	76.0
12840.0	4.465	2.831	11.26	-2977.0	66.05	34.0	72.74
4516.0	6.499	1.301	11.12	-1525.0	102.9	50.0	90.61
6614.0	6.49	2.034	10.17	-2337.0	102.0	50.0	91.64
6755.0	8.567	0.8476	10.03	-3534.0	166.5	80.0	123.3
9021.0	8.22	1.503	10.79	-2532.0	96.74	48.0	108.1
9678.0	5.482	1.557	9.274	-1942.0	48.1	26.0	71.64
7693.0	8.645	1.261	11.53	-4072.0	182.5	88.0	132.4
12200.0	6.566	2.312	11.72	-4355.0	152.0	74.0	112.7
4188.0	5.215	0.2427	12.42	-1930.0	72.02	36.0	73.02
7340.0	7.589	1.453	11.23	-2917.0	180.9	84.0	112.0
6545.0	7.022	0.0	11.62	-3367.0	126.0	62.0	98.79
25050.0	10.11	0.5579	9.542	-5054.0	74.2	42.0	129.6
14050.0	6.314	2.215	10.72	-2831.0	64.51	34.0	87.0
1753.0	9.411	0.6375	11.4	-1667.0	153.4	74.0	125.6
1308.0	6.702	1.772	10.29	-990.9	102.1	50.0	84.38
9149.0	6.404	1.973	11.47	-2963.0	118.5	58.0	99.58
1205.0	8.224	0.976	10.2	-1077.0	120.9	58.0	101.5
2207.0	6.67	1.264	11.26	-1394.0	98.91	48.0	88.36
4540.0	6.416	1.109	10.7	-2085.0	137.5	66.0	99.07
9158.0	6.52	2.145	11.46	-2919.0	118.5	58.0	99.52
4578.0	7.515	1.121	10.86	-1873.0	178.5	86.0	111.6
22820.0	7.065	1.186	9.383	-4493.0	60.09	34.0	98.59
5754.0	7.152	1.02	9.381	-2213.0	142.9	66.0	95.9
7736.0	7.994	0.2663	11.14	-2926.0	187.0	90.0	124.9
18670.0	9.093	0.8335	9.29	-5456000.0	104.7	52.0	111.6
10120.0	8.124	2.324	23810.0	-3560.0	130.5	64.0	114.9
13270.0	8.35	2.282	11.12	-4198.0	150.5	74.0	125.9
8427.0	7.669	0.6731	11.39	-4379.0	161.0	78.0	119.3
2799.0	6.439	1.503	12.13	-1389.0	118.5	58.0	88.58
12120.0	4.321	1.932	10.34	-2663.0	44.05	24.0	63.43
7605.0	8.742	0.905	10.89	-4033.0	182.5	88.0	133.5
14950.0	8.081	1.732	9.183	-3442.0	76.52	40.0	103.2
3854.0	8.196	1.054	9.25	-2121.0	132.9	64.0	109.1
10710.0	7.472	1.682	20910.0	-4490.0	165.0	80.0	121.7
4394.0	8.197	0.6673	9.786	-2111.0	153.9	74.0	115.4
4565.0	3.311	3.94	11.6	-1670.0	43.02	22.0	52.22
18330.0	7.472	2.728	10.28	-4868.0	110.1	56.0	111.2
325.4	3.39	1.461	11.85	-249.5	98.9	44.0	53.25
7780.0	8.464	1.462	34630.0	-3593.0	208.1	100.0	129.2
16090.0	6.994	2.895	9.789	-3674.0	75.07	40.0	95.75
9990.0	8.161	1.201	25660.0	-5004.0	199.0	96.0	134.1
2325.0	8.487	0.4563	11.17	-1390.0	137.4	66.0	111.9
12840.0	6.507	2.778	10.4	-4124.0	112.0	56.0	102.4
21150.0	8.106	3.475	15110.0	-5528.0	130.1	66.0	126.5
11700.0	4.613	2.906	10.02	-2778.0	44.05	24.0	66.86
6407.0	5.521	1.83	10.83	-1585.0	112.9	52.0	76.38
10080.0	8.312	1.416	23810.0	-3565.0	130.5	64.0	115.4
2629.0	9.134	0.0	9.286	-1296.0	43.24	20.0	88.85
3910.0	8.172	0.1367	9.282	-2133.0	132.9	64.0	109.2
13630.0	7.668	1.213	9.382	-5456000.0	106.7	52.0	98.06
14540.0	7.207	2.842	11.1	-4735.0	150.0	74.0	119.2
12390.0	6.396	2.324	11.05	-2867.0	82.5	42.0	91.28
9101.0	10.73	1.003	36840.0	-4955.0	238.0	114.0	161.1
12700.0	6.375	2.009	9.097	-3197.0	56.06	30.0	84.56
16920.0	6.297	3.781	10.85	-4251.0	98.06	50.0	100.1
17610.0	8.348	1.247	8.692	-3418.0	62.05	34.0	102.0
5950.0	5.371	1.675	11.63	-3204.0	110.0	54.0	87.04
19550.0	5.851	1.294	8.648	-3615.0	45.08	26.0	81.19
9244.0	6.507	2.429	11.12	-2913.0	118.5	58.0	99.49
17640.0	8.387	1.246	8.175	-3432.0	62.05	34.0	101.4
26280.0	8.07	2.0	10.15	-5385.0	76.11	42.0	114.8
10210.0	4.483	3.066	11.28	-2886.0	62.04	32.0	70.4
7324.0	9.011	1.248	10.15	-3615.0	231.9	108.0	135.3
13830.0	6.453	1.422	11.71	-4320.0	134.0	66.0	108.4
13190.0	7.346	1.803	21490.0	-4781.0	168.0	82.0	123.7
2438.0	8.718	0.5722	10.49	-1449.0	209.8	94.0	110.7
6150.0	7.828	0.8344	10.7	-3365.0	170.1	82.0	119.6
8928.0	8.896	1.388	22050.0	-4093.0	176.0	86.0	131.4
14790.0	7.197	0.94	18790.0	-4737.0	150.0	74.0	119.0
7455.0	6.108	0.1599	9.514	-2233.0	80.48	40.0	83.91
13240.0	8.329	2.469	26540.0	-4185.0	150.5	74.0	126.0
4516.0	1.407	1.854	12.57	-953.8	18.02	10.0	27.28
