Molecule 				           Vibrational ZPE | Polarizability | Dipole Moment | Adiabatic IE | Cohesive Energy       Molecular Mass | Number e- | Molecular Volume
                                   (cm^-1)			 (Angstrom^3)	  (debeye) 		  (eV) 			 (KJ/mol)              (AMU)                        (A^3)
FC__C_C_F__F_F_F_F                 7.144e+03         6.492e+00        1.087e+00       1.035e+01      -3.706e+03     1.08   1.500e+02        1.740e+02   1.056e+02
FC_Cl_Cl                           4.516e+03         6.499e+00        1.301e+00       1.112e+01      -1.525e+03     0.99   1.029e+02        6.700e+01   9.060e+01
FC1_C_F_C_C_C1_F_F__F_F__F_F       1.118e+04         9.519e+00        1.141e+00       1.096e+01      -5.625e+03            2.120e+02        2.380e+02   1.443e+02
FC1_F_OC_C_C1_F_F__F_F__F_F        1.097e+04         8.526e+00        2.449e-01       1.177e+01      -5.474e+03            2.160e+02        2.400e+02   1.401e+02
FC_SC_F__F_F__F_F                  6.155e+03         7.828e+00        8.336e-01       1.070e+01      -3.365e+03     1.5    1.701e+02        1.840e+02   1.195e+02
FC__N____O__O-___F_F               5.594e+03         5.167e+00        1.472e+00       1.113e+01      -2.558e+03     1.35   1.150e+02        1.070e+02   8.472e+01
CC_Cl_Cl                           1.211e+04         8.323e+00        2.161e+00       1.064e+01      -2.721e+03     1.01   9.895e+01        5.000e+01   1.091e+02
FC1_C_F_C_C1_F_F__F_F              8.430e+03         7.502e+00        1.504e+00       1.094e+01      -4.287e+03            1.620e+02        1.800e+02   1.149e+02
FC__C_F_F_Cl                       4.203e+03         6.264e+00        5.261e-01       9.506e+00      -2.256e+03     0.69   1.165e+02        1.070e+02   9.168e+01
_C-___O__                          1.059e+03         1.931e+00        6.990e-02       1.410e+01      -1.044e+03     0.4    2.801e+01        1.400e+01   3.697e+01
FC_I__F_F                          5.260e+03         2.764e+00        1.672e+00       1.355e+01      -3.166e+03     1.21   6.900e+01        8.400e+01   5.406e+01
FC_F__F_F                          3.498e+03         2.836e+00        0.000e+00       1.439e+01      -1.915e+03     0.41   8.800e+01        1.100e+02   5.920e+01
CF                                 8.259e+03         2.561e+00        1.909e+00       1.235e+01      -1.736e+03            3.403e+01        3.500e+01   4.519e+01
CI                                 9.407e+03         2.552e+00        0.000e+00       1.253e+01      -3.038e+03     0.97   1.503e+01        9.000e+00   4.160e+01
CH2Cl2                             6.169e+03         6.368e+00        1.687e+00       1.088e+01      -1.500e+03     0.6    8.493e+01        4.200e+01   8.670e+01
_O-__N___O                         4.636e+03         3.049e+00        2.637e+00       1.203e+01      -1.261e+03            4.701e+01        2.400e+01   4.795e+01
O_NC_F__F_F                        4.350e+03         4.299e+00        1.991e-01       9.877e+00      -2.184e+03            9.901e+01        9.900e+01   7.490e+01
N_CC_F__F_F                        4.713e+03         4.754e+00        1.261e+00       1.350e+01      -2.589e+03     1.58   9.502e+01        9.700e+01   7.960e+01
FC_C_Cl__F_F__Cl_Cl                4.912e+03         1.033e+01        1.012e+00       1.161e+01      -2.664e+03     2.30   1.874e+02        1.410e+02   1.420e+02
CC_N                               9.539e+03         4.443e+00        4.054e+00       1.184e+01      -2.522e+03     0.8    4.105e+01        2.200e+01   6.562e+01
_H__H_                             2.111e+03         8.162e-01        0.000e+00       1.528e+01      -4.483e+02     0.22   2.016e+00        2.000e+00   1.712e+01
FC1_F_C_C1_F_F__F_F                7.063e+03         6.068e+00        2.969e-03       9.931e+00      -3.581e+03            1.500e+02        1.740e+02   1.020e+02
FCF                                6.858e+03         2.652e+00        2.019e+00       1.248e+01      -1.787e+03     0.3    5.202e+01        6.000e+01   4.927e+01
C                                  9.411e+03         2.552e+00        0.000e+00       1.253e+01      -1.730e+03     0.43   1.604e+01        1.000e+01   4.159e+01
FC_C_F__F_F__Cl_F                  5.674e+03         6.683e+00        5.877e-01       1.223e+01      -3.005e+03     1.17   1.545e+02        1.590e+02   1.083e+02
N_CC_C_F__F_F__F_F                 7.284e+03         6.774e+00        1.293e+00       1.214e+01      -3.856e+03     2.18   1.450e+02        1.550e+02   1.112e+02
_N-___N___O                        2.353e+03         2.853e+00        8.811e-02       1.282e+01      -1.115e+03     0.47   4.401e+01        2.200e+01   4.609e+01
CC_F__F_F                          1.097e+04         4.500e+00        2.448e+00       1.225e+01      -3.095e+03     1.62   8.404e+01        9.300e+01   7.717e+01
FC_C_CC_F__F_F__F_F                7.903e+03         8.087e+00        0.000e+00       1.197e+01      -4.306e+03     1.71   1.620e+02        1.800e+02   1.236e+02
FC_Cl_F                            4.876e+03         4.604e+00        1.490e+00       1.189e+01      -1.687e+03     3.78   8.646e+01        7.600e+01   7.248e+01
FC_C_Cl__F_F__Cl_F                 5.282e+03         8.498e+00        8.695e-01       1.130e+01      -2.831e+03     1.71   1.709e+02        1.500e+02   1.253e+02
FC_C_F__F_F__Cl_Cl                 5.302e+03         8.546e+00        7.280e-01       1.139e+01      -2.840e+03     1.63   1.709e+02        1.500e+02   1.252e+02
CBr                                7.807e+03         5.368e+00        1.978e+00       1.054e+01      -1.569e+03     0.44   9.494e+01        4.400e+01   7.203e+01
O_S_O                              1.427e+03         3.770e+00        1.745e+00       1.219e+01      -9.841e+02     1      6.406e+01        3.200e+01   5.627e+01
FS_C_F__F_F__F__F__F_F             6.652e+03         7.028e+00        8.869e-01       1.308e+01      -3.064e+03            1.961e+02        2.300e+02   1.148e+02
O_C_S                              1.940e+03         4.991e+00        8.100e-01       1.113e+01      -1.363e+03     0.91   6.007e+01        3.000e+01   6.565e+01
N_N                                1.185e+03         1.757e+00        0.000e+00       1.571e+01      -9.266e+02     0.38   2.801e+01        1.400e+01   3.623e+01
O_O                                7.922e+02         1.439e+00        0.000e+00       1.084e+01      -3.477e+02     0.33   3.200e+01        1.600e+01   3.195e+01
FC_Cl__Cl_F                        2.697e+03         6.558e+00        5.401e-01       1.144e+01      -1.561e+03     1.01   1.209e+02        9.200e+01   9.454e+01
ClC_Cl_Cl                          4.168e+03         8.412e+00        1.086e+00       1.090e+01      -1.373e+03     1.67   1.194e+02        5.800e+01   1.082e+02
FC_Br__F_F                         2.957e+03         5.660e+00        5.388e-01       1.143e+01      -1.678e+03     0.75   1.489e+02        1.190e+02   8.506e+01
ClC_Cl__Cl_Cl                      1.967e+03         1.041e+01        0.000e+00       1.095e+01      -1.225e+03     2.36   1.538e+02        7.400e+01   1.289e+02
CC_Cl__Cl_Cl                       9.980e+03         1.030e+01        1.882e+00       1.042e+01      -2.591e+03     2.31   1.334e+02        6.600e+01   1.302e+02
FC_C_F__F_F__C_F__F_F_F            8.607e+03         6.823e+00        1.428e-01                      -4.434e+03     0.98   1.880e+02        2.260e+02   1.219e+02
CCl                                7.940e+03         4.354e+00        1.987e+00       1.113e+01      -1.616e+03     0.31   5.048e+01        2.600e+01   6.392e+01
FC_C_Cl__Cl_Cl__F_F                4.963e+03         1.041e+01        7.071e-01                      -2.682e+03     2.49   1.874e+02        1.410e+02   1.417e+02
FC_Cl__F_F                         3.098e+03         4.652e+00        4.913e-01       1.226e+01      -1.736e+03     0.53   1.045e+02        1.010e+02   7.699e+01
FC1_F_C_F__F_C_C1_F_F__F_F         9.856e+03         7.945e+00        0.000e+00                      -4.957e+03            2.000e+02        2.320e+02   1.312e+02
ClP_Cl_Cl                          9.854e+02         1.041e+01        7.324e-01       9.772e+00      -9.136e+02     0.8    1.373e+02        6.600e+01   1.197e+02
SF6                                4.260e+03         4.675e+00        0.000e+00       1.414e+01      -1.811e+03     1      1.460e+02        1.720e+02   8.367e+01
FS__O___O_C_F__F_F                 5.572e+03         6.629e+00        1.407e+00       1.222e+01      -2.791e+03     1.55   1.521e+02        1.420e+02   1.030e+02
FC_Br__Cl_F                        2.575e+03         7.624e+00        5.622e-01       1.089e+01      -1.505e+03     1.52   1.654e+02        1.100e+02   1.027e+02
FC_F_F                             5.260e+03         2.764e+00        1.672e+00       1.355e+01      -1.858e+03     0.27   7.001e+01        8.500e+01   5.407e+01
N_CC_C_C_F__F_F__F_F__F_F          9.848e+03         8.779e+00        1.403e+00                      -5.113e+03            1.950e+02        2.130e+02   1.421e+02
FC_Cl__Cl_Cl                       2.325e+03         8.487e+00        4.564e-01       1.117e+01      -1.390e+03     1.72   1.374e+02        8.300e+01   1.119e+02
O_C_O                              2.460e+03         2.501e+00        0.000e+00       1.369e+01      -1.584e+03     0.35   4.401e+01        2.200e+01   4.419e+01
C_C                                5.609e+03         3.468e+00        0.000e+00       1.111e+01      -1.641e+03     0.42   2.604e+01        1.400e+01   5.147e+01
FC_C_F__F_F__F_F                   6.065e+03         4.846e+00        0.000e+00       1.232e+01      -3.177e+03     0.78   1.380e+02        1.680e+02   9.093e+01
FS__O_F                            1.894e+03         4.028e+00        1.776e+00       1.223e+01      -1.190e+03     1.44   8.606e+01        7.600e+01   6.321e+01
C_CC_F__F_F                        1.209e+04         6.171e+00        2.574e+00       1.085e+01      -3.677e+03     0.8    9.605e+01        9.900e+01   9.347e+01
Cl2                                2.578e+02         4.386e+00        0.000e+00       1.135e+01      -2.198e+02     0.28   7.090e+01        3.400e+01   6.339e+01
O_C_C_C_F__F_F__C_F__F_F_F_C_F__F_F                  1.034e+01        4.422e-01                      3.311e+06             2.660e+02        2.980e+02   1.778e+02
SeF6                               3.482e+03         5.509e+00        0.000e+00       1.681e+01      -1.722e+03     1.1    1.930e+02        1.900e+02   9.036e+01
FC__C_F_F_C__C_F_F_F               8.196e+03         8.865e+00        2.552e-02       8.804e+00      -4.246e+03     1.5    1.620e+02        1.800e+02   1.200e+02
FC1_C_F_C_F__F_C_C_C1_F_F__F_F__F_F                                                   1.088e+01      -6.892e+03            2.620e+02        2.960e+02   1.742e+02
F_C__C__C_F__F_F__F__C_F__F_F      9.685e+03         8.558e+00        3.600e-01       1.070e+01      -4.997e+03            2.000e+02        2.320e+02   1.367e+02
ClSSCl                             9.292e+02         1.166e+01        1.147e+00       9.385e+00      -7.769e+02     0.4    1.350e+02        6.600e+01   1.217e+02
Fc1c_F_c_F_c_c_c1F_F_F                                                                0.000e+00      2.167e+06             1.860e+02        1.920e+02
FC1_F_C_F__F_C_F__F_C_C_C1_F_F__F_F__F_F                                              0.000e+00      3.737e+06             3.000e+02        3.480e+02
FC_OC_C_C_F__F_F__F_F__F_F__F_F                                                                                                                         1.637e+02
FS__O___O_F                                                                                                                                             7.034e+01
FC_C_C_F__F_F__F_F__C_F__F_F_F                                                                                                                          1.528e+02
